9.9341
10.298
10.415
10.415
10.428
10.441
10.445
10.463
10.463
10.463
10.463
10.463
10.463
10.476
10.476
10.476
10.476
10.476
10.476
10.476
10.497
10.508
10.508
10.508
10.508
10.546
10.546
10.546
10.546
10.546
10.546
10.546
10.546
10.546
10.549
10.549
10.549
10.549
10.549
10.549
10.549
10.549
10.555
10.555
10.555
10.555
10.562
10.562
10.562
10.562
10.562
10.562
10.567
10.567
10.567
10.589
10.589
10.589
10.589
10.589
10.589
10.589
10.589
10.589
10.589
10.631
10.631
10.631
10.631
10.631
10.631
10.631
10.631
10.631
10.631
10.631
10.631
10.631
10.631
10.631
10.631
10.631
10.631
10.631
10.631
10.631
10.631
10.631
10.631
10.631
10.631
10.631
10.631
10.631
10.631
10.631
10.631
10.631
10.631
10.631
10.631
10.631
10.631
10.631
10.631
10.631
10.631
10.631
10.631
10.631
10.631
10.631
10.631
10.631
10.631
10.631
10.631
10.631
10.631
10.631
10.631
10.631
10.631
10.631
10.631
10.631
10.631
10.631
10.631
10.631
10.631
10.631
10.631
10.631
10.631
10.631
10.631
10.631
10.631
10.631
10.631
10.631
10.631
10.631
10.631
10.631
10.631
10.631
10.631
10.631
10.631
10.631
10.631
10.631
10.631
10.631
10.631
10.651
10.651
10.706
10.706
10.706
10.706
10.706
10.706
10.706
10.706
10.706
10.706
10.706
10.708
10.708
10.708
10.708
10.708
10.708
10.708
10.708
10.708
10.708
10.708
10.708
10.751
10.751
10.751
10.751
10.751
10.751
10.751
10.751
10.751
10.751
10.751
10.751
10.751
10.751
10.751
10.751
10.751
10.754
10.754
10.754
10.754
10.754
10.754
10.754
10.754
10.754
10.754
10.754
10.754
10.754
10.754
10.754
10.754
10.754
10.754
10.754
10.754
10.754
10.754
10.754
10.754
10.754
10.754
10.754
10.774
10.042
10.042
10.042
10.042
10.042
10.042
10.042
10.175
10.175
10.175
10.175
10.231
10.231
10.238
10.238
10.238
10.238
10.238
10.238
10.257
10.257
10.327
10.327
10.354
10.363
10.363
10.363
10.433
10.433
10.433
10.433
10.433
10.433
10.433
10.433
10.433
10.433
10.433
10.444
10.448
10.488
10.488
10.488
10.488
10.488
10.488
10.488
10.488
10.513
10.513
10.513
10.517
10.517
10.517
10.517
10.548
10.548
10.548
10.548
10.655
10.655
10.655
10.655
10.655
10.655
10.242
10.272
9.8546
9.8408
9.8589
9.9592
10.138
10.149
10.149
10.152
10.171
10.315
9.8646
9.911
9.9666
10.078
9.8408
0
0
0
0
0
0
0
0
0
0
0
0
0
0
0
0
0
0
0
0
0
0
0
0
0
0
0
0
0
0
0
0
0
0
0
0
0
0
0
0
0
0
0
0
0
0
0
0
0
0
0
0
0
0
0
0
0
0
0
0
0
0
0
0
0
8.4356
8.4356
8.7903
8.7903
8.7903
8.7903
8.7903
8.7903
8.7903
8.7903
9.0614
9.0614
9.6638
9.6638
9.6638
9.6638
9.6638
9.8529
9.8846
9.8846
9.8846
10.002
10.105
10.105
10.105
10.105
10.105
10.105
10.105
10.105
10.105
10.16
10.16
10.16
10.16
10.16
10.16
10.16
10.16
10.16
10.16
10.16
10.16
10.16
10.16
10.16
10.16
10.16
10.16
10.16
10.16
10.16
10.16
10.16
10.16
10.16
10.16
10.16
10.16
10.16
10.16
10.16
10.16
10.16
10.16
10.16
10.16
10.16
10.161
10.161
10.161
10.161
10.161
10.199
10.263
10.263
10.263
10.263
10.263
10.263
10.664
10.664
10.664
10.664
10.664
10.664
10.664
10.664
10.664
10.664
10.664
10.664
10.664
10.664
10.664
10.664
10.664
10.664
10.664
10.664
10.664
10.664
10.664
10.664
10.664
10.664
10.664
10.664
10.664
10.664
10.664
10.664
10.664
10.664
10.664
10.664
10.664
10.664
10.664
10.664
10.664
10.664
10.664
10.664
10.664
10.664
10.664
10.664
10.664
10.664
10.664
10.664
10.664
10.664
10.664
10.664
10.664
10.664
10.664
10.664
10.664
10.664
10.664
10.664
10.664
10.664
10.664
10.664
10.664
10.664
10.664
10.664
10.664
10.664
10.664
10.664
10.664
10.664
10.664
10.664
10.664
10.664
10.664
10.664
10.664
10.664
10.664
10.664
10.664
10.664
10.664
10.664
10.664
10.664
10.664
10.664
10.664
10.664
10.664
10.664
10.664
10.664
10.664
10.664
10.664
10.664
10.664
10.664
10.664
10.664
10.664
10.664
9.6392
9.6392
9.6392
9.6392
9.6392
9.6392
9.6392
9.6392
9.6392
9.6392
9.9941
9.9941
9.9941
9.9941
9.9941
9.9941
9.9941
9.9941
9.9941
10.059
10.059
10.059
10.059
10.059
10.059
10.059
10.512
10.512
10.512
10.512
10.512
10.512
10.512
10.512
10.512
10.512
10.512
10.512
10.512
10.512
10.512
10.512
10.512
10.512
10.012
10.012
10.012
10.012
10.012
10.012
10.012
10.012
10.012
10.012
10.012
10.012
10.012
10.012
10.012
10.012
10.012
10.109
10.109
10.109
10.109
10.109
10.109
10.109
10.109
10.109
10.109
10.359
10.359
10.642
10.642
10.642
10.642
10.642
10.755
10.755
10.755
10.755
10.755
10.755
10.755
10.755
10.755
10.755
10.755
10.755
10.755
10.755
10.755
10.755
10.755
10.755
10.755
10.755
10.755
10.755
10.755
10.755
10.755
10.755
10.755
10.755
10.755
10.755
10.755
10.755
10.755
10.755
10.755
10.755
10.755
10.755
10.755
10.755
10.755
10.755
10.755
10.755
10.755
10.755
10.755
10.755
10.755
10.755
10.755
10.755
10.755
10.755
10.755
10.755
10.755
10.755
10.755
10.755
10.755
10.755
10.755
10.755
10.755
10.755
10.755
10.755
10.755
10.755
10.755
10.755
10.755
10.755
10.755
10.755
10.755
10.755
10.755
10.755
10.755
10.755
10.755
10.755
10.755
10.755
10.755
10.755
10.755
10.755
10.755
10.755
10.755
10.755
10.755
10.755
10.755
10.755
10.755
10.755
10.755
10.755
10.755
10.755
10.755
10.755
10.755
10.755
10.755
10.755
10.755
10.755
10.755
10.755
10.755
10.755
10.755
10.755
10.755
10.755
10.755
10.755
10.755
10.755
10.755
10.755
10.755
10.755
10.755
10.755
10.755
10.755
10.755
10.755
10.755
10.755
10.755
10.755
10.755
10.755
10.755
10.755
10.755
10.755
10.755
10.755
10.755
10.755
10.755
10.755
10.755
10.755
8.5735
9.5243
9.5243
9.5243
9.5243
8.8851
9.2706
9.2706
9.4407
9.4407
9.4407
9.4407
9.4407
9.4407
8.0319
9.3982
9.3982
9.3982
9.3982
9.4608
9.533
9.533
9.5352
9.7862
9.7862
9.7862
9.8036
9.8036
9.8036
9.8036
9.8036
9.8036
9.8036
9.8036
9.8036
9.8243
9.8689
9.8689
9.8689
9.8689
9.8689
9.8689
9.8691
9.8691
9.9176
9.9176
9.9176
9.9176
9.9176
9.9176
9.9176
9.9176
9.9176
9.9176
9.9299
10.029
10.029
10.029
10.029
10.029
10.029
10.096
10.096
10.096
10.096
10.096
10.096
10.096
10.096
10.096
10.096
10.096
10.096
10.096
10.096
10.096
10.096
10.096
10.096
10.096
10.096
10.096
10.096
10.096
10.373
10.373
10.373
10.373
10.373
10.373
10.373
10.373
10.373
10.373
10.373
10.373
10.373
10.373
10.373
10.373
10.373
10.373
10.373
10.373
10.373
10.373
10.373
10.373
10.373
10.373
10.373
10.373
10.373
10.373
10.373
10.373
10.373
10.373
10.373
10.373
10.373
10.373
10.373
10.373
10.373
10.373
10.373
10.373
10.373
10.373
10.373
10.373
10.373
10.373
10.373
10.373
10.373
10.373
10.373
10.373
10.373
10.373
10.373
10.373
10.373
10.373
10.373
10.373
10.373
10.373
10.373
10.373
10.373
10.373
10.373
10.373
10.373
10.373
10.373
10.373
10.373
10.373
10.373
10.373
10.373
10.373
10.373
10.373
10.373
10.373
10.373
10.373
10.373
10.373
10.373
10.373
10.373
10.373
10.373
10.373
10.373
10.373
10.373
10.373
10.373
10.373
10.373
10.373
10.373
10.373
10.373
10.373
10.373
10.373
10.373
10.373
10.373
10.373
10.373
10.373
10.373
10.373
10.373
10.373
10.373
10.373
10.373
10.373
10.373
10.373
10.373
10.373
10.373
10.373
10.373
10.373
10.373
10.373
10.373
10.373
10.373
10.373
10.373
8.3125
9.1132
9.1687
10.464
10.464
10.464
10.464
10.464
10.464
10.464
10.464
10.586
10.742
10.742
10.742
10.742
10.742
10.742
10.742
10.742
10.742
10.742
10.806
10.846
10.846
10.846
10.882
10.882
10.882
10.882
10.882
11.15
11.362
11.362
11.362
11.362
11.362
11.362
11.362
11.362
11.362
11.362
11.362
11.362
11.362
11.362
11.362
11.362
11.362
11.362
11.362
11.362
11.362
11.362
11.362
9.0261
15.361
9.5259
15.361
9.0261
9.0261
9.4874
14.47
14.595
14.47
14.623
14.623
14.47
14.47
14.47
14.47
14.47
16.964
16.964
17.735
17.953
17.698
17.857
18.129
17.698
17.698
17.698
17.698
17.698
20.751
18.939
20.027
18.939
18.939
18.939
18.939
18.939
18.939
18.939
19.541
19.581
20.754
20.742
18.939
18.939
18.939
18.939
19.939
18.939
8.0495
9.6801
9.6801
9.463
9.463
9.6604
12.588
12.588
12.588
12.588
12.588
12.588
10.197
19.489
19.489
19.489
264.01
264.01
264.01
264.01
264.01
264.01
264.01
264.01
264.01
264.01
264.01
264.01
264.01
264.01
264.01
264.01
264.01
264.01
264.01
264.01
264.01
264.01
1299.3
1299.3
1340.5
1340.5
1340.5
1618.9
1618.9
1618.9
1618.9
1618.9
345.14
345.14
345.14
582.93
897.1
897.1
897.1
897.1
897.1
897.1
1094.7
2111.1
2111.1
2111.1
2111.1
2111.1
2111.1
2111.1
2111.1
0
0
0
0
0
0
0
0
0
0
0
0
0
0
0
0
0
0
0
0
0
0
0
0
0
0
0
0
0
0
0
0
0
0
0
0
0
0
0
0
0
0
0
0
0
0
521.25
696.11
0
0
0
0
0
0
0
0
0
0
0
0
0
0
0
0
0
0
0
0
0
0
0
0
0
0
0
0
0
0
0
0
0
0
0
0
0
0
0
0
0
0
0
0
0
0
0
0
0
0
0
0
0
0
0
0
0
0
0
0
0
0
0
0
0
0
0
0
0
0
0
0
0
0
0
0
0
0
0
0
0
0
0
0
0
0
0
0
0
0
0
0
0
0
0
0
0
0
0
0
0
0
0
0
0
0
0
0
0
0
0
0
0
0
0
0
0
0
0
0
0
0
0
0
0
0
0
0
0
0
0
0
0
0
0
0
247.49
391.85
452.22
144.63
1684.4
224.7
1337
629.04
580.64
3522.5
125.59
355.2
669.22
694.68
1987.8
335.5
2061
202.67
374.05
330.43
342.71
710.52
932.34
454.42
898.75
919.54
1129.4
266.66
838.97
349.27
368.58
470.5
965.17
319.68
582.38
408.92
370.03
447.59
357.92
335.23
428.27
512.82
220.83
274.41
396.83
428.64
451.19
1347.5
321.62
388.67
404.99
533.54
533.54
566.45
1737.1
254.16
431.39
422.37
311.46
436.58
404.63
392.99
508.53
121.53
250.7
497.6
485.3
485.3
437.01
389.94
366.91
402.02
293.3
299.9
293.3
308.58
316.19
116.21
140.41
121.65
185.68
141.58
283.98
304.14
283.98
146.59
167.01
167.01
204.37
181.5
297.42
267.26
392.6
299.89
375.45
457.82
137.75
238.35
217.69
231.32
200.64
210.66
221.04
331.93
255.1
350.61
331.93
294
228.84
237.21
312.84
237.21
331.93
284.59
237.21
275
228.84
504.92
121.79
129.98
129.27
236.48
137.51
123.38
115.65
222.29
220.94
136.24
120.18
121.99
147.06
138.22
205.45
144.59
597.57
556.7
426.67
415.14
536.15
123.15
262.21
639.35
465.35
439.15
426.67
518.87
426.67
262.21
465.35
415.14
439.15
499.47
465.35
439.15
127.19
426.67
426.67
451.82
138.13
252.13
125.19
221.37
330.75
131.46
135.34
145.86
159.41
184.85
235.6
175.44
192.59
169.04
224.57
171.86
235.6
235.6
275.36
275.36
288.28
299.5
310.54
299.5
444.09
375.21
401.69
703.34
460.94
252.35
356.07
577.15
549.57
864.95
650.57
537.95
1656.9
1042.4
751.49
866.42
1602.3
1831.8
650.57
841.75
1147.3
1457.4
1493.5
870.56
870.56
870.56
870.56
1820.4
1820.4
1854.6
1854.6
1854.6
1854.6
2918.1
3921.1
3921.1
3921.1
3921.1
3921.1
3921.1
3921.1
3921.1
3921.1
3921.1
3921.1
3921.1
3920.5
3921.1
3921.1
3927.7
3921.1
3921.1
3921.1
3921.1
3921.1
3921.1
3921.1
3910.6
3921.1
3921.1
4248.1
3921.1
8989.8
8989.8
8989.8
8989.8
8989.8
8989.8
8989.8
8989.8
8989.8
8989.8
8989.8
8989.8
8989.8
8989.8
8989.8
8989.8
9648.1
9213.7
9648.1
9648.1
9648.1
9648.1
9648.1
9648.1
9648.1
9648.1
9648.1
9648.1
6.9888
6.9888
21.024
70.371
70.371
75.852
75.852
75.852
819.24
819.24
819.24
819.24
819.24
819.24
819.24
1166.4
1166.4
1180.6
1180.6
1180.6
1787.3
1787.3
1787.3
1787.3
1787.3
1787.3
1787.3
1787.3
1787.3
1787.3
14
14
14
14
18
19
64
19
83.362
83.362
83.362
83.362
1.5328
65.459
65.459
12.249
29.904
29.904
29.904
40.35
40.35
40.35
40.35
40.35
40.35
40.35
40.35
40.35
40.35
40.35
40.35
40.35
40.35
40.35
47.742
47.742
47.742
106.35
106.35
106.35
106.35
106.35
106.35
106.35
106.35
106.35
106.35
106.35
106.35
106.35
112.83
112.83
112.83
112.83
63.262
112.83
112.83
112.83
208.47
208.47
65.844
78.011
208.47
inf
inf
inf
inf
inf
inf
inf
inf
inf
inf
inf
inf
837.13
837.13
837.13
837.13
1946.4
1946.4
1946.4
1946.4
1946.4
1946.4
1946.4
1946.4
1946.4
1946.4
2159.3
2886.7
2886.7
2886.7
2886.7
2886.7
2886.7
2989
2989
2989
6784.8
6784.8
6784.8
6784.8
6784.8
6784.8
6784.8
6784.8
6784.8
6784.8
6784.8
6784.8
6784.8
6784.8
6784.8
6784.8
6784.8
6784.8
6784.8
6784.8
6784.8
6784.8
6784.8
6784.8
6784.8
6784.8
6784.8
6784.8
6784.8
6784.8
6784.8
6784.8
6784.8
6784.8
6784.8
6784.8
6784.8
6784.8
6784.8
6784.8
6784.8
6784.8
6784.8
6784.8
6784.8
6784.8
6784.8
6784.8
6784.8
6784.8
6784.8
6784.8
6784.8
6784.8
6784.8
6784.8
6784.8
2.4461
3.019
3.514
3.9863
6.2206
6.2206
61.698
61.698
61.698
7.1396
61.698
61.698
61.698
61.698
61.698
61.698
61.698
61.698
61.698
61.698
61.698
79.416
8.0916
79.416
79.416
79.416
79.416
304.24
304.24
28.344
304.24
304.24
304.24
304.24
304.24
304.24
304.24
304.24
304.24
304.24
10.294
10.294
10.294
10.294
10.294
27.435
27.435
74.029
74.029
74.029
74.029
74.029
74.029
74.029
74.029
74.029
74.029
74.029
74.029
74.029
74.029
86.367
86.367
86.367
86.367
86.367
86.367
86.367
86.367
86.367
86.367
86.367
86.367
86.367
86.367
86.367
86.367
86.367
86.367
86.367
86.367
86.367
86.367
86.367
86.367
86.367
86.367
86.367
86.367
86.367
86.367
86.367
86.367
86.367
86.367
86.367
86.367
86.367
86.367
86.367
86.367
86.367
86.367
86.367
86.367
86.367
86.367
86.367
86.367
86.367
86.367
86.367
86.367
86.367
86.367
86.367
86.367
86.367
86.367
86.367
86.367
86.367
86.367
86.367
122.33
86.367
86.367
86.367
86.367
86.367
0
-0
-0
0
389.37
661.36
18.541
225.8
225.8
238.53
259.77
259.77
299.83
32.124
26.516
26.423
97.733
30.726
32.925
64.933
43.804
73.396
90.75
276.63
860.45
428.07
625.45
593.73
190.77
438.35
296.23
726.01
863.5
6744.3
2081.6
4682.9
18100
2358.4
823.58
5979.6
3267.7
5942.2
10344
8369.7
5012.7
6170.7
6010
6016
5347.9
5171.6
2906
4616.1
4663.3
3092.7
16877
4019.3
4084
5216.1
6028.7
3479.5
6421.7
7219.4
7849.6
6735
3915
3321.6
3090.7
5753.6
3335.5
2482.1
3842.4
6020.3
12404
2501.5
3298.6
3955.9
4670.1
4418.7
2851.7
2565
6260.6
4346.5
6764.9
6361.1
4739.7
3338.7
12592
5910.3
8823.4
6596.4
6395.3
4382
6186.4
9198
4535
8314.5
6656.3
5894.4
3600.7
5938.6
3675.5
6286.6
6594.6
7539.6
13184
2537.5
12093
9691.8
8679.4
11964
14452
6444.9
13044
6364.6
13122
15130
10009
9789.2
11033
12573
7492.4
7442.4
4269.6
13364
9910
8315.2
8179.5
18041
6480.3
11499
11670
14205
8839.3
16671
14117
8501.9
10513
9769.1
11753
12049
9351.9
16643
11394
14046
26124
10980
15589
14920
20969
11560
10729
14701
9982
12956
12404
9902.2
11603
14443
17239
10709
8330.5
14029
10985
15812
18784
17083
9835.9
6370.1
8147.3
7433.9
13281
17283
9353.2
12102
17860
8227.8
10647
10766
11730
14966
15567
19792
15380
14475
13271
24505
12605
16942
13870
11678
21741
19201
18901
19433
11389
13170
9928.7
15993
10758
14426
14226
15343
9756.3
14100
11926
12252
14667
14815
17561
459.22
92.07
809.1
173.81
310.27
584.62
172.74
104.32
72.762
474.02
124.47
222.68
461.57
231.78
292.79
376.75
359.19
241.86
376.57
480.65
277.93
493.74
257.49
586.27
281.48
526.84
627.41
382.25
342.92
717.53
553.25
677.78
552.04
560.57
370.01
456.6
395.46
696.62
762.22
924.09
394.41
612.82
504.77
330.93
782.84
584.97
841.91
659.21
549.53
1026.5
696.59
358.25
618.3
779.17
830.14
246.56
788.27
704.03
882.31
756.81
259.89
478.45
806.55
852.89
824.9
658.26
653.23
1174.2
985.05
608.34
359.65
936.22
540.04
1608.8
1174.8
1308.9
178.72
130.91
240.65
80.137
701.32
280.37
91.215
100.33
246.88
225.23
399.88
532.79
264.6
313.7
379.9
359.64
351.77
325.22
428.76
359.21
358.83
394.34
596.08
388.04
338.15
464.04
414.46
537.7
778.28
1167.5
545
1015.2
456.16
1176.1
467.88
701.54
93.059
199.19
125.78
81.37
207.32
211.94
240.75
146.32
48.034
195.82
183.65
117.92
148.71
348.25
284.5
312.4
302.05
313.86
307.71
299.84
302.59
204.54
293.18
315
269.12
430.98
529.43
474.83
633.54
506.64
524.69
552.84
501.78
528.7
600.25
747.83
562.76
585.02
663.88
771.41
527.37
519.89
565.66
127.83
127.83
127.83
127.83
127.83
140.84
140.84
140.84
140.84
140.84
140.84
271.71
271.71
271.71
271.71
271.71
271.71
271.71
369.69
369.69
369.69
369.69
369.69
369.69
369.69
369.69
369.69
369.69
369.69
369.69
369.69
369.69
369.69
369.69
369.69
369.69
198.19
198.19
198.19
33.34
61.617
61.617
183.54
183.54
183.54
183.54
183.54
347.19
347.19
347.19
347.19
347.19
347.19
347.19
347.19
347.19
347.19
347.19
347.19
131.24
131.24
131.24
151.53
152.27
25.489
25.489
48.253
145.8
145.8
145.8
145.8
145.8
29.184
46.369
7.7615
-13.703
-13.703
-13.703
-88.542
-96.368
-96.368
-96.368
8.0731
-43.114
-77.698
-60.512
-12.563
36.923
-48.778
10.487
-13.044
-29.826
50.73
-3.7602
-26.721
5.9437
59.836
5.4592
-0.54295
-3.2048
-68.853
45.886
-8.6742
5.0517
-23.556
13.157
78.378
-4.7753
31.915
38.986
-92.296
-42.317
25.954
-17.35
-18.051
-2.4951
8.0133
-46.036
-35.556
-0.62098
-31.125
12.322
98.406
8.6336
0
0
0
0
0
0
0
0
8.4502
-169.08
-35.736
60.14
-33.296
-26.397
-10.412
-7.4072
0
-10.385
-54.072
-14.145
4.7266
-0
-26.028
29.181
-90.169
0.70217
91.298
0
4.957
-110.95
-14.713
11.31
-35.974
-50.282
-0
-18.757
-27.275
-11.825
-42.659
34.327
-7.6555
-52.478
5.8417
-4.572
-41.236
34.554
8.8311
8.8945
8.8424
8.7067
8.9163
8.8532
8.8985
8.6085
8.8947
8.8948
9.4021
8.8857
8.8862
8.9253
8.8975
8.8944
8.9246
8.9148
8.9236
8.9244
8.9256
8.9096
8.9231
8.9136
8.9186
8.9166
8.3627
8.5823
8.4556
8.3652
7.7774
8.8749
8.7347
8.2456
8.934
8.5465
8.6501
9.684
8.8609
8.8267
8.21
8.876
8.9048
7.8328
8.6647
8.7115
8.965
9.1768
8.9363
8.1445
8.6244
8.8565
8.1988
9.0666
8.8267
8.5227
8.8724
8.9854
8.9484
8.6462
8.8857
8.6814
8.9133
7.0392
8.1697
4.5474
4.9787
8.0802
7.9073
7.5636
4.5378
7.5945
6.8433
7.6326
6.5916
6.7172
7.7558
6.2907
7.2314
7.2102
8.0451
7.9242
8.1037
6.9631
7.6809
4.4395
7.2679
4.6856
4.8537
6.7133
7.1575
8.7923
7.254
8.9028
8.0337
6.0782
6.1818
8.8937
9.8781
9.8067
9.2357
9.0056
9.0004
8.905
8.9256
9.0348
8.9551
8.9327
8.8188
8.7126
9.0153
8.7928
9.0415
8.9118
8.9627
8.9441
8.9676
8.9554
8.9692
9.0027
9.0064
9.022
9.0199
9.017
9.024
9.0227
9.0245
9.5037
9.0232
9.0208
8.9862
9.004
8.983
8.9584
8.9831
8.969
8.9632
9.2824
9.0009
8.991
9.0055
9.0172
9.026
9.0186
9.0116
9.0278
9.0236
9.0246
9.0153
9.0061
9.0261
9.023
9.004
8.997
9.0015
8.9986
9.1036
9.1658
9.284
9.1094
9.3191
9.1973
9.3113
9.2138
9.2452
9.5812
9.3135
9.0746
9.3483
9.124
9.2393
9.2964
9.4587
9.1819
9.3213
9.1614
9.1862
9.4993
9.4598
8.7941
8.9313
7.9968
8.3807
8.6985
8.8822
8.8887
8.8995
8.9272
8.9084
8.8849
8.8886
8.8652
8.8708
8.8963
8.8934
8.9007
8.9047
8.906
7.9439
8.38
9.4101
7.5826
8.2649
8.3767
8.3666
8.7121
8.2299
8.3114
9.1626
8.5838
8.9573
8.6316
7.9886
8.3491
8.8815
8.3657
8.9631
8.9033
8.7311
8.6606
9.1076
9.4714
8.6119
9.1177
8.9145
8.9082
8.8785
8.765
8.908
9.1299
9.3456
8.8905
9.0706
8.9083
8.8816
8.9445
9.7626
9.2298
8.9701
8.945
8.9034
8.2956
8.942
8.2952
8.9221
8.9008
8.9098
8.8087
8.8551
8.5534
8.7873
7.8904
9.0052
9.2192
9.2314
8.0089
8.5656
8.5993
8.8696
8.9122
8.876
8.877
8.3012
8.8532
8.8847
8.1527
9.1013
8.8906
8.9021
9.9756
9.8489
8.8084
9.1693
8.8883
8.8884
7.7675
8.4178
10.067
8.8384
8.3931
8.0707
8.807
8.5177
8.6271
7.539
9.1369
7.7484
8.7399
8.8976
7.6324
8.9129
7.8561
8.7595
8.3463
7.8604
9.0314
8.7148
8.0127
8.9338
8.9338
8.9338
8.9338
8.9735
8.9753
9.0436
9.0436
9.0436
9.0436
9.1107
9.3647
9.4697
9.4697
9.4697
9.4697
9.4697
9.4697
9.4697
9.4697
9.4697
9.5024
9.5024
9.5024
9.7072
9.7072
9.7072
9.7072
10.133
10.133
10.133
10.133
10.133
10.133
10.133
10.133
10.133
10.133
10.579
10.579
10.579
10.579
10.579
10.579
10.579
10.579
10.579
10.579
10.579
10.579
10.579
10.579
10.579
10.579
10.579
10.579
10.579
10.579
10.579
10.579
10.579
10.579
10.579
10.579
10.579
10.579
10.579
10.579
10.72
10.72
10.72
10.72
10.72
10.72
11.087
11.087
11.087
11.087
11.244
11.244
11.244
11.244
11.244
11.244
11.244
11.244
11.244
11.244
11.244
11.244
11.244
11.244
11.244
11.244
11.244
11.244
11.244
11.244
11.244
11.244
11.244
11.244
11.244
11.244
11.244
11.244
11.244
11.244
11.244
11.244
11.244
11.244
11.244
11.244
11.244
11.244
11.244
11.244
11.244
11.244
11.244
11.244
11.244
11.244
11.244
11.244
11.244
11.244
11.244
11.244
11.244
11.244
11.244
11.244
11.244
11.244
11.244
11.244
11.244
11.244
11.244
11.244
11.244
11.244
11.244
11.244
11.244
11.244
11.244
11.244
11.244
11.244
11.244
11.244
11.244
11.244
11.244
11.244
11.244
11.244
11.244
11.244
11.244
11.244
11.244
11.244
11.244
11.244
11.244
11.244
11.244
11.244
11.244
11.244
11.244
11.244
11.244
11.244
11.244
11.244
11.244
11.244
11.244
11.244
11.244
11.244
11.244
11.244
11.244
11.244
11.244
11.244
11.244
11.244
11.244
11.244
11.244
11.244
11.244
11.244
11.244
11.244
11.244
11.244
11.244
11.244
11.244
11.244
11.244
11.244
11.244
11.244
11.244
11.244
11.244
11.244
11.244
11.244
11.244
11.244
11.244
11.244
11.244
11.244
11.244
11.244
11.244
11.244
11.244
11.244
11.244
11.244
11.244
11.244
11.244
11.244
11.244
11.244
11.244
11.244
11.244
11.244
11.244
11.244
11.244
11.244
11.244
11.244
11.244
11.244
11.244
11.244
11.244
11.244
11.244
11.244
11.244
11.244
11.244
11.244
11.244
11.244
11.244
11.244
11.244
11.244
11.244
11.244
11.244
11.244
11.244
11.244
11.244
11.244
11.244
11.244
11.244
11.244
11.244
11.244
11.244
11.244
11.244
11.244
11.244
11.244
11.244
11.244
11.244
11.244
11.244
11.244
11.244
11.244
11.244
11.244
11.244
11.244
11.244
11.244
11.244
11.244
11.244
11.244
11.244
11.244
11.244
11.244
11.244
11.244
11.244
11.244
11.244
11.244
11.244
11.244
11.244
11.244
11.244
11.244
11.244
11.244
11.244
11.244
11.244
11.244
11.244
11.244
11.244
11.244
11.244
11.244
11.244
11.244
11.244
11.244
11.244
11.244
11.244
11.244
11.244
11.244
11.244
11.244
11.244
11.244
11.244
11.244
11.244
11.244
11.244
11.244
11.244
11.244
11.244
11.244
11.244
11.244
11.244
11.244
11.244
11.244
11.244
11.244
11.244
11.244
11.244
11.244
11.244
11.244
11.244
11.244
11.244
11.244
11.244
11.244
11.244
11.244
11.244
11.244
11.244
11.244
11.244
11.244
11.244
11.244
11.244
11.244
11.244
11.244
11.244
11.244
11.244
11.244
11.244
11.244
11.244
11.244
11.244
11.244
11.244
11.244
11.244
11.244
11.244
11.244
11.244
11.244
11.244
11.244
11.244
11.244
11.244
11.244
11.244
11.244
11.244
11.244
11.244
11.244
11.244
11.244
11.244
11.244
11.244
11.244
11.244
11.244
11.244
11.244
11.244
11.244
11.244
11.244
11.244
11.244
11.244
11.244
11.244
11.244
11.244
11.244
11.244
11.244
11.244
11.244
11.244
11.244
11.244
11.244
11.244
11.244
11.244
11.244
11.244
11.244
11.244
11.244
11.244
11.244
11.244
11.244
11.244
11.244
11.244
11.244
11.244
11.244
11.244
11.244
11.244
11.244
11.244
11.244
11.244
11.244
11.244
11.244
11.244
11.244
11.244
11.244
11.244
11.244
11.244
11.244
11.244
11.244
11.244
11.244
11.244
11.244
11.244
11.244
11.244
11.244
11.244
11.244
11.244
11.244
11.244
11.244
11.244
11.244
11.244
11.244
11.244
11.244
11.244
11.244
11.244
11.244
11.244
11.244
11.244
11.244
11.244
11.244
11.244
11.244
11.244
11.244
11.244
11.244
11.244
11.244
11.244
11.244
11.244
11.244
11.244
11.244
11.244
11.244
11.244
11.244
11.244
11.244
11.244
11.244
11.244
11.244
11.244
11.244
11.244
11.244
11.244
11.244
11.244
11.244
11.244
11.244
11.244
11.244
11.244
11.244
11.244
11.244
11.244
11.244
11.244
11.244
11.244
11.244
11.244
11.244
11.244
11.244
11.244
11.244
11.244
11.244
11.244
11.244
11.244
11.244
11.244
11.244
11.244
11.244
11.244
11.244
11.244
11.244
11.244
11.244
11.244
11.244
11.244
11.244
11.244
11.244
11.244
11.244
11.244
11.244
11.244
11.244
11.244
11.244
11.244
11.244
11.244
11.244
11.244
11.244
11.244
11.244
11.244
11.244
11.244
11.244
11.244
11.244
11.244
11.244
11.244
11.244
11.244
11.244
11.244
11.244
11.244
11.244
11.244
11.244
11.244
11.244
11.244
11.244
11.244
11.244
11.244
11.244
11.244
11.244
11.244
11.244
11.262
11.262
11.262
11.262
11.262
11.262
11.262
11.262
11.262
11.262
11.262
11.262
11.262
11.262
11.262
11.262
11.262
11.262
11.262
11.262
11.262
11.262
11.262
11.262
11.262
11.262
11.262
11.262
11.262
11.262
11.262
11.262
11.262
11.262
11.262
11.262
11.262
11.262
11.262
11.262
11.262
11.262
11.262
11.262
11.262
11.262
11.262
11.262
11.262
11.262
11.262
11.262
11.262
11.262
11.262
11.262
11.262
11.262
11.262
11.262
11.262
11.262
11.262
11.262
11.262
11.262
11.262
11.262
11.262
11.262
11.262
11.262
11.262
11.262
11.262
11.262
11.262
11.262
11.262
11.262
11.262
11.262
11.262
11.262
11.262
11.262
11.262
11.262
11.262
11.262
11.262
11.262
11.262
11.262
11.262
11.262
11.262
11.262
11.262
11.262
11.262
11.262
11.262
11.262
11.262
11.262
11.262
11.262
11.262
11.262
11.262
11.262
11.262
11.262
11.262
11.262
11.262
11.262
11.262
11.287
11.287
11.287
11.287
11.287
11.287
11.287
11.287
11.287
11.287
11.287
11.287
11.287
11.287
11.287
11.287
11.287
11.287
11.287
11.287
11.287
11.287
11.287
11.287
11.287
11.287
11.287
11.287
11.287
11.287
11.287
11.287
11.287
11.287
11.287
11.287
11.287
11.287
11.287
11.287
11.287
11.287
11.287
11.287
11.287
11.287
11.287
11.287
11.287
11.287
11.287
11.287
11.287
11.287
11.287
11.287
11.287
11.287
11.287
11.287
11.287
11.287
11.287
11.287
11.287
11.287
11.287
11.287
11.287
11.287
11.287
11.287
11.287
11.287
11.287
11.287
11.287
11.287
11.287
11.287
11.287
11.287
11.287
11.287
11.287
11.287
11.287
11.287
11.287
11.287
11.287
11.287
11.287
11.287
11.287
11.287
11.287
11.287
11.287
11.287
11.287
11.287
11.287
11.287
11.287
11.287
11.287
11.287
11.287
11.287
11.287
11.287
11.287
11.287
11.287
11.287
11.287
11.287
11.287
11.287
11.287
11.287
11.287
11.287
11.287
11.287
11.287
11.287
11.287
11.287
11.287
11.287
11.287
11.287
11.287
11.287
11.287
11.287
11.287
11.287
11.287
11.287
11.287
11.287
11.287
11.287
11.287
11.287
11.287
11.287
11.287
11.287
11.287
11.287
11.287
11.287
11.287
11.287
11.287
11.287
11.287
11.287
11.287
11.287
11.287
11.287
11.287
11.287
11.287
11.287
11.287
11.287
11.287
11.287
11.287
11.287
11.287
11.287
11.287
11.287
11.287
11.287
11.287
11.287
11.287
11.287
11.287
11.287
11.287
11.287
11.287
11.287
11.287
11.287
11.287
11.287
11.287
11.287
11.287
11.287
11.287
11.287
11.287
11.287
11.287
11.287
11.287
11.287
11.287
11.287
11.287
11.287
11.287
11.287
11.287
11.287
11.287
11.287
11.287
11.287
11.287
11.287
11.287
11.287
11.287
11.287
11.287
11.287
11.287
11.287
11.287
11.287
11.287
11.287
11.287
11.287
11.287
11.287
11.287
11.287
11.287
11.287
11.287
11.287
11.287
11.287
11.287
11.287
11.287
11.287
11.287
11.287
11.287
11.287
11.287
11.287
11.287
11.287
11.287
11.287
11.287
11.287
11.287
11.287
11.287
11.287
11.287
11.287
11.287
11.287
11.287
11.287
11.287
11.287
11.287
11.287
11.287
11.287
11.287
11.287
11.287
11.287
11.287
11.287
11.287
11.287
11.287
11.287
11.287
11.287
11.287
11.287
11.287
11.287
11.287
11.287
11.287
11.287
11.287
11.287
11.287
11.287
11.287
11.287
11.287
11.287
11.287
11.287
11.287
11.287
11.287
11.287
11.287
11.287
11.287
11.287
11.287
11.287
11.287
11.287
11.287
11.287
11.287
11.287
11.287
11.287
11.287
11.287
11.287
11.287
11.287
11.287
11.287
11.287
11.287
11.287
11.287
11.287
11.287
11.287
11.287
11.287
11.287
11.287
11.287
11.287
11.287
11.287
11.287
11.287
11.287
11.287
11.287
11.287
11.287
11.287
11.287
11.287
11.287
11.287
11.287
11.287
11.287
11.287
11.287
11.287
11.287
11.287
11.287
11.287
11.287
11.287
11.287
11.287
11.287
11.287
11.287
11.287
11.287
11.287
11.287
11.287
11.287
11.287
11.287
11.287
11.287
11.287
11.287
11.287
11.287
11.287
11.287
11.287
11.287
11.287
11.287
11.287
11.287
11.287
11.287
11.287
11.287
11.287
11.287
11.287
11.287
11.287
11.287
11.287
11.287
11.287
11.287
11.287
11.287
11.287
11.287
11.287
11.287
11.287
11.287
11.287
11.287
11.287
11.287
11.287
11.287
11.287
11.287
11.287
11.287
11.287
11.287
11.287
11.287
11.287
11.287
11.287
11.287
11.287
11.287
11.287
11.287
11.287
11.287
11.287
11.287
11.287
11.287
11.287
11.287
11.287
11.287
11.287
11.287
11.287
11.287
11.287
11.287
11.287
11.287
11.287
11.287
11.287
11.287
11.287
11.287
11.287
11.287
11.287
11.287
11.287
11.287
11.287
11.287
11.287
11.287
11.287
11.287
11.287
11.287
11.287
11.287
11.287
11.287
11.287
11.287
11.287
11.287
11.287
11.287
11.287
11.287
11.287
11.287
11.287
11.287
11.287
11.287
11.287
11.287
11.287
11.287
11.287
11.287
11.287
11.287
11.287
11.287
11.287
11.287
11.287
11.287
11.287
11.287
11.287
11.287
11.287
11.287
11.287
11.287
11.287
11.287
11.287
11.287
11.287
11.287
11.287
11.287
11.287
11.287
11.287
11.423
11.423
11.423
11.423
11.423
11.423
11.423
11.423
11.423
11.423
11.423
11.423
11.423
11.423
11.423
11.423
11.423
11.423
11.423
11.423
11.423
11.423
11.423
11.423
11.423
11.423
11.423
11.423
11.423
11.423
11.423
11.423
11.423
11.423
11.423
11.423
11.423
11.423
11.423
11.423
11.423
11.423
11.423
11.423
11.423
11.423
11.423
11.423
11.423
11.423
11.423
11.423
11.423
11.423
11.423
11.423
11.423
11.423
11.423
11.423
11.423
11.423
11.423
11.423
11.423
11.423
11.423
11.423
11.423
11.423
11.423
11.423
11.423
11.423
11.423
11.423
11.423
11.423
11.423
11.423
11.423
11.423
11.423
11.423
11.423
11.423
11.423
11.423
11.423
11.423
11.423
11.423
11.423
11.423
11.423
11.423
11.423
11.423
11.423
11.423
11.423
11.423
11.423
11.423
11.423
11.423
11.423
11.423
11.423
11.423
11.423
11.423
11.423
11.423
11.423
11.423
11.423
11.423
11.423
11.423
11.423
11.423
11.423
11.423
11.423
11.423
11.423
11.423
11.423
11.423
11.423
11.423
11.423
11.423
11.423
11.423
11.423
11.423
11.423
11.423
11.423
11.423
7.1975
8.6884
8.6884
8.8618
9.0026
9.0283
9.0738
40.287
40.287
40.287
40.287
69.151
69.151
69.151
69.151
117.47
117.47
117.47
117.47
117.47
117.47
117.47
117.47
195.65
195.65
195.65
195.65
195.65
195.65
195.65
195.65
210.45
210.45
210.45
210.45
210.45
210.45
210.45
210.45
210.45
210.45
210.45
210.45
210.45
210.45
210.45
210.45
210.45
210.45
210.45
210.45
230.49
230.49
235.68
235.68
235.68
235.68
235.68
235.68
235.68
235.68
235.68
235.68
235.68
235.68
235.68
235.68
235.68
235.68
235.68
235.68
235.68
235.68
235.68
235.68
235.68
235.68
235.68
235.68
235.68
235.68
235.68
235.68
235.68
235.68
235.68
235.68
235.68
235.68
235.68
235.68
235.68
235.68
235.68
235.68
235.68
235.68
235.68
235.68
235.68
293.55
293.55
293.55
293.55
293.55
293.55
293.55
293.55
293.55
293.55
293.55
293.55
293.55
293.55
293.55
293.55
293.55
293.55
293.55
293.55
293.55
293.55
293.55
293.55
293.55
293.55
293.55
293.55
293.55
293.55
293.55
293.55
293.55
293.55
293.55
293.55
293.55
293.55
293.55
293.55
293.55
293.55
293.55
293.55
293.55
293.55
293.55
293.55
293.55
293.55
293.55
293.55
293.55
293.55
293.55
293.55
293.55
293.55
293.55
293.55
293.55
293.55
293.55
293.55
293.55
293.55
293.55
293.55
293.55
293.55
293.55
293.55
293.55
293.55
293.55
293.55
293.55
293.55
293.55
293.55
293.55
293.55
293.55
293.55
293.55
293.55
293.55
293.55
293.55
334.25
334.25
334.25
334.25
334.25
334.25
334.25
334.25
334.25
334.25
334.25
334.25
334.25
334.25
334.25
334.25
334.25
334.25
334.25
334.25
334.25
334.25
334.25
334.25
334.25
334.25
334.25
374.66
374.66
374.66
374.66
374.66
374.66
374.66
374.66
374.66
374.66
374.66
374.66
374.66
374.66
374.66
374.66
374.66
374.66
374.66
374.66
374.66
374.66
374.66
374.66
374.66
374.66
374.66
374.66
374.66
374.66
374.66
374.66
374.66
374.66
374.66
374.66
374.66
374.66
374.66
374.66
374.66
374.66
374.66
374.66
374.66
374.66
374.66
374.66
374.66
374.66
374.66
374.66
374.66
374.66
374.66
374.66
374.66
374.66
374.66
374.66
374.66
374.66
374.66
374.66
374.66
374.66
374.66
374.66
374.66
374.66
374.66
374.66
374.66
374.66
374.66
374.66
374.66
374.66
374.66
374.66
374.66
374.66
374.66
374.66
374.66
374.66
374.66
374.66
374.66
374.66
24.801
98.766
98.766
98.766
98.766
98.766
98.766
298.64
298.64
298.64
298.64
298.64
298.64
298.64
325.84
325.84
325.84
325.84
325.84
325.84
325.84
325.84
325.84
325.84
325.84
325.84
325.84
325.84
482.98
482.98
482.98
482.98
482.98
482.98
482.98
482.98
482.98
482.98
482.98
482.98
482.98
482.98
482.98
1173.2
1173.2
1173.2
1173.2
1173.2
1173.2
1173.2
1173.2
1173.2
1173.2
1173.2
1173.2
1173.2
1173.2
1173.2
1173.2
1173.2
1173.2
1173.2
1173.2
1173.2
1173.2
1173.2
1173.2
1173.2
1173.2
1173.2
1173.2
1173.2
1173.2
1173.2
1173.2
2577.1
2577.1
968.96
2577.1
2598.5
2598.5
2598.5
2598.5
2598.5
2598.5
2598.5
2598.5
2598.5
2598.5
2598.5
2598.5
2598.5
2598.5
2598.5
2598.5
2598.5
2598.5
2598.5
2598.5
2598.5
2598.5
2598.5
2598.5
2598.5
2598.5
2598.5
2598.5
2598.5
2598.5
2598.5
2598.5
2598.5
2598.5
2598.5
2598.5
2598.5
2598.5
2598.5
2598.5
2598.5
2598.5
2598.5
2598.5
2598.5
2598.5
2598.5
2598.5
2598.5
2598.5
2598.5
2598.5
2598.5
2598.5
2598.5
2598.5
2928.4
2928.4
2928.4
63.931
63.931
63.931
111.41
111.41
111.41
111.41
111.41
147.54
147.54
147.54
147.54
147.54
160.97
160.97
160.97
160.97
160.97
160.97
160.97
160.97
160.97
169.5
169.5
169.5
169.5
169.5
169.5
169.5
169.5
169.5
169.5
169.5
169.5
169.5
169.5
169.5
169.5
169.5
169.5
169.5
169.5
169.5
169.5
169.5
169.5
169.5
169.5
169.5
169.5
169.5
169.5
169.5
206.91
206.91
206.91
206.91
206.91
206.91
206.91
206.91
206.91
206.91
206.91
206.91
206.91
213.84
213.84
213.84
213.84
213.84
213.84
213.84
213.84
213.84
213.84
213.84
213.84
213.84
213.84
213.84
213.84
213.84
213.84
239.5
239.5
239.5
344.65
344.65
344.65
344.65
344.65
344.65
344.65
344.65
344.65
344.65
344.65
344.65
344.65
344.65
344.65
344.65
344.65
344.65
344.65
344.65
344.65
344.65
344.65
344.65
344.65
344.65
344.65
344.65
344.65
344.65
344.65
344.65
344.65
344.65
344.65
344.65
344.65
344.65
344.65
344.65
344.65
344.65
344.65
344.65
344.65
344.65
344.65
344.65
344.65
344.65
344.65
344.65
344.65
344.65
344.65
344.65
344.65
344.65
344.65
344.65
344.65
344.65
344.65
344.65
344.65
344.65
344.65
344.65
344.65
344.65
344.65
344.65
344.65
344.65
344.65
344.65
344.65
344.65
344.65
344.65
344.65
344.65
344.65
344.65
344.65
344.65
344.65
344.65
344.65
344.65
344.65
344.65
344.65
344.65
344.65
344.65
344.65
344.65
344.65
344.65
344.65
344.65
344.65
344.65
344.65
344.65
344.65
344.65
344.65
344.65
344.65
344.65
344.65
344.65
344.65
344.65
344.65
344.65
344.65
344.65
344.65
344.65
344.65
344.65
344.65
344.65
344.65
344.65
344.65
344.65
344.65
344.65
344.65
344.65
344.65
344.65
344.65
344.65
344.65
344.65
344.65
344.65
344.65
344.65
344.65
344.65
344.65
344.65
344.65
344.65
344.65
344.65
344.65
344.65
344.65
344.65
344.65
344.65
344.65
344.65
344.65
344.65
344.65
344.65
344.65
344.65
344.65
344.65
344.65
344.65
344.65
344.65
344.65
344.65
344.65
344.65
344.65
344.65
344.65
344.65
344.65
344.65
344.65
344.65
344.65
344.65
344.65
344.65
344.65
344.65
344.65
344.65
344.65
344.65
344.65
344.65
344.65
344.65
344.65
344.65
344.65
344.65
344.65
344.65
344.65
344.65
344.65
374.92
374.92
374.92
374.92
374.92
374.92
374.92
374.92
374.92
374.92
374.92
374.92
374.92
374.92
374.92
374.92
374.92
374.92
374.92
374.92
374.92
374.92
374.92
374.92
374.92
374.92
374.92
374.92
374.92
374.92
374.92
374.92
374.92
374.92
374.92
374.92
374.92
374.92
374.92
374.92
374.92
374.92
374.92
374.92
374.92
374.92
374.92
374.92
374.92
374.92
374.92
374.92
374.92
374.92
374.92
374.92
374.92
374.92
374.92
374.92
374.92
374.92
374.92
374.92
374.92
374.92
374.92
374.92
374.92
374.92
374.92
374.92
374.92
374.92
374.92
374.92
374.92
374.92
374.92
374.92
374.92
374.92
374.92
374.92
374.92
374.92
374.92
374.92
374.92
374.92
374.92
374.92
374.92
374.92
374.92
374.92
374.92
374.92
374.92
374.92
374.92
374.92
374.92
374.92
374.92
374.92
374.92
374.92
374.92
374.92
374.92
374.92
374.92
374.92
374.92
374.92
374.92
374.92
374.92
374.92
374.92
374.92
374.92
374.92
374.92
374.92
374.92
374.92
374.92
374.92
374.92
374.92
374.92
374.92
374.92
374.92
374.92
374.92
374.92
374.92
374.92
374.92
374.92
374.92
374.92
374.92
374.92
374.92
374.92
374.92
374.92
-0
57.027
57.027
70.98
70.98
70.98
110.64
110.64
110.64
110.64
110.64
110.64
110.64
110.64
110.64
110.64
110.64
110.64
110.64
110.64
110.64
110.64
110.64
110.64
110.64
110.64
110.64
110.64
110.64
110.64
110.64
110.64
110.64
110.64
110.64
110.64
110.64
110.64
110.64
110.64
110.64
110.64
187
187
187
187
187
187
187
187
187
187
187
187
187
187
187
187
187
187
187
187
187
187
187
187
187
187
187
187
187
187
187
187
187
187
187
187
187
187
187
187
187
187
187
187
187
187
187
187
187
187
187
187
187
187
187
187
187
187
187
187
187
468.16
468.16
468.16
468.16
468.16
468.16
468.16
468.16
468.16
468.16
468.16
468.16
468.16
468.16
468.16
468.16
468.16
468.16
468.16
468.16
468.16
468.16
468.16
468.16
468.16
468.16
468.16
468.16
468.16
468.16
468.16
468.16
468.16
468.16
468.16
468.16
468.16
468.16
468.16
468.16
468.16
468.16
468.16
468.16
468.16
468.16
468.16
468.16
468.16
468.16
468.16
468.16
468.16
468.16
468.16
468.16
468.16
468.16
468.16
468.16
468.16
468.16
468.16
468.16
468.16
468.16
468.16
468.16
468.16
468.16
468.16
468.16
468.16
468.16
468.16
468.16
468.16
468.16
468.16
468.16
468.16
468.16
468.16
468.16
468.16
468.16
468.16
468.16
468.16
468.16
468.16
468.16
468.16
468.16
468.16
468.16
468.16
468.16
468.16
468.16
468.16
468.16
468.16
468.16
468.16
468.16
468.16
468.16
468.16
468.16
468.16
468.16
468.16
468.16
468.16
468.16
468.16
468.16
468.16
468.16
468.16
468.16
468.16
468.16
468.16
468.16
468.16
468.16
468.16
468.16
468.16
468.16
468.16
468.16
468.16
468.16
468.16
468.16
468.16
468.16
468.16
468.16
468.16
468.16
468.16
468.16
468.16
468.16
468.16
468.16
468.16
468.16
468.16
468.16
468.16
468.16
468.16
468.16
468.16
468.16
468.16
468.16
468.16
468.16
468.16
468.16
468.16
468.16
468.16
468.16
468.16
468.16
32.25
22.76
8.6693
4.9533
17.607
25.269
37.329
58.875
52.354
122.39
60.821
32.083
45.39
124.48
235.08
40.645
105.68
146.92
254.37
34.816
183.22
207.08
179
263.61
172.93
134.68
216.79
127.34
247.78
181.84
170.3
250.19
167.24
466.54
122.72
204.92
197.88
321.06
362.86
256.56
217.56
270.2
269.79
195.39
247.26
186.02
142.63
150.84
167.82
223.6
290.18
201.05
141.84
208.3
293.57
272.02
256.06
230.63
206.72
572.91
119.33
258.08
256.43
246.02
282.77
180.33
225.55
247.22
240.93
246.15
406.15
236.42
239.85
401.63
252.53
532.19
301.1
315.1
241.34
219.15
89.919
424.5
187.66
412.69
414.22
205.72
330.24
193.36
255.8
496.02
257.32
446.25
439.93
395.18
276.47
252.3
54.417
12.614
4.2853
17.036
-0
-0
42.362
12.201
74.915
27.637
13.685
6.6293
28.274
19.666
8.9461
18.269
53.627
55.313
32.361
18.698
40.302
8.4488
74.052
9.656
23.516
12.677
30.544
40.849
11.164
17.746
64.786
36.587
42.886
59.457
59.8
67.977
23.846
33.88
28.853
25.612
44.003
35.493
35.012
35.274
35.362
43.799
31.829
28.862
43.932
42.514
36.199
36.14
37.31
37.695
39.516
32.231
33.198
38.318
39.495
48.105
42.74
40.333
41.432
41.304
48.988
48.998
49.637
47.855
38.201
35.11
40.525
39.565
39.455
35.515
38.657
33.106
42.528
38.853
39.519
38.225
58.42
105.34
42.907
49.198
112.45
39.507
120.7
49.166
37.55
36.584
32.263
38.259
38.794
33.403
41.078
33.664
71.301
44.056
61.209
49.506
36.678
35.596
35.594
35.596
37.857
40.873
41.428
43.58
42.255
39.93
40.648
39.467
36.394
43.34
38.389
48.838
56.388
35.668
35.282
35.279
36.678
37.705
35.949
36.293
38.148
38.86
42.95
42.971
42.982
42.71
58.594
54.959
59.063
54.198
57.289
55.401
58.656
56.223
57.374
58.655
53.283
53.398
55.652
55.344
55.643
59.411
54.699
59.453
53.785
57.347
35.813
35.811
51.103
65.626
35.199
32.922
33.798
46.889
46.573
47.118
45.037
49.494
44.122
58.651
60.671
60.533
59.786
62.426
60.399
55.104
61.192
60.89
61.243
61.544
59.974
60.149
60.527
59.473
61.172
62.64
61.792
60.445
60.276
61.37
61.478
62.27
60.779
62.294
62.581
61.868
62.2
60.927
61.476
61.5
54.775
54.001
53.925
53.317
54.551
54.58
53.482
60.735
58.485
57.494
58.835
59.341
57.978
58.805
58.381
62.144
58.679
57.284
60.765
35.046
35.137
35.478
34.302
34.929
37.748
33.665
35.879
32.875
32.956
32.87
32.961
32.95
32.951
32.871
32.871
32.871
32.87
33.502
35.047
35.923
54.956
45.627
51.564
50.041
40.791
37.334
34.327
34.133
34.609
33.276
33.46
34.976
35.016
36.02
35.815
36.373
36.37
36.37
36.446
36.445
36.447
36.445
36.445
36.447
36.447
36.999
37.332
37.335
38.058
38.058
38.058
38.058
38.058
38.058
38.058
38.059
38.058
38.058
38.058
38.058
36.358
38.058
38.058
38.058
38.058
38.058
38.059
38.058
38.058
38.058
38.059
38.058
38.058
38.058
38.059
38.058
38.058
38.058
38.058
38.058
38.058
38.058
38.058
38.058
38.058
38.058
38.058
38.058
38.058
38.058
38.059
38.058
38.058
38.059
38.058
38.058
38.059
38.058
38.058
38.058
38.058
38.059
38.058
38.058
38.058
38.059
38.058
38.058
38.058
38.058
38.058
38.058
38.058
38.058
38.058
38.059
38.12
38.104
38.121
38.104
38.121
38.104
38.121
38.104
38.494
38.262
38.418
38.434
38.345
38.364
38.335
38.416
38.278
38.432
38.466
38.187
38.23
38.541
38.016
38.225
38.283
38.899
39.151
41.872
37.637
44.736
44.961
44.941
40.149
39.817
40.077
39.892
37.163
38.344
37.893
35.037
32.018
32.75
32.087
33.112
33.355
33.737
34.419
36.073
33.533
32.476
32.504
36.746
37.958
37.949
37.95
48.443
33.012
27.733
78.004
73.337
59.555
65.808
31.819
0.68037
36.812
29.188
21.221
28.475
22.087
32.446
19.111
51.217
21.146
23.69
21.679
23.141
20.816
22.3
22.644
22.666
-16.568
19
23.263
23.358
23.961
22.547
-16.948
18.963
-16.69
18.91
-16.939
-16.444
19.227
21.465
21.527
-16.583
18.744
-16.827
18.933
-16.729
18.371
-16.933
18.249
-16.965
-16.444
19.025
-16.98
18.186
-16.729
18.362
-16.831
18.678
-16.963
-16.444
19.131
18.504
-16.535
19.074
22.688
22.87
-16.539
18.64
40.813
255.5
22.074
0.45226
12.728
57.182
45.976
48.517
22.868
19.906
35.965
29.8
26.424
42.174
49.06
78.879
198.77
43.44
64.506
88.089
43.099
50.707
78.526
47.92
70.785
117.2
88.62
-0
47.579
37.028
0
47.926
42.396
32.218
53.553
61.202
40.427
54.814
49.955
44.046
60.029
111.35
-5.6547
56.665
59.246
-0
-0
56.713
54.28
-5.4827
-4.6555
-0
-0
-0
-0
-0
-0
-0
-0
-0
-0
-0
-0
-0
-0
-0
-0
-0
-0
-0
-0
-0
-6.4015
-0
-3.896
-0
-6.1733
-0
-0
-0
-0
-0
-0
-6.2479
-0
-5.8633
-5.4651
-0
-5.9536
-0
-6.2092
-6.2131
-0
-6.2344
-0
-6.2119
-0
-0
-6.2062
-0
-6.7239
-6.3657
-0
-0
-0
-0
-0
-0
-0
-0
-0
-0
-0
-0
-0
-0
-0
-0
-0
-0
-0
-0
-6.2479
-0
-5.8634
-5.7113
-0
-5.9659
-0
-0
-0
-0
-0
-0
-0
-0
-0
-0
-0
-0
-6.2478
-0
-6.114
-0
-0
-0
-0
-0
-0
-0
-6.2479
-0
-5.8634
-5.7053
-0
-5.9973
-0
-0
-5.8032
-6.8209
-0
-5.931
-5.7035
-0
-6.8014
-0
-6.4856
-5.9818
-0
-0
-0
-0
-0
-0
-0
-0
-0
-0
-0
-0
-0
-0
-0
-0
-0
-6.2474
-0
-5.8718
-5.477
-0
-0
-4.3504
-0
-0
-0
-0
-6.1852
-3.9045
-0
-7.0662
-6.8237
-0
-6.873
-0
-5.9249
-4.9994
-0
-0
-0
-5.967
-0
-6.2306
-6.3439
-6.2347
-4.3484
-0
-6.5082
-0
-0
-6.1718
-0
3.0373
22.692
39.115
36.024
35.857
42.122
75.683
31.273
72.607
39.785
27.759
36.054
40.947
37.033
32.013
51.117
38.143
39.929
40.069
41.626
35.368
35.051
37.546
41.627
36.912
40.587
37.753
37.989
38.464
38.602
39.997
38.465
79.398
38.856
38.759
39.75
38.808
94.39
51.78
86.345
120.65
222.6
67.185
94.128
131.38
84.109
55.713
102.71
24.795
91.222
71.516
114.03
105.69
148.13
39.823
158.36
148.32
159.59
155.89
111.65
45.933
130.64
152.87
178.08
115.33
138.46
132.6
71.49
171.11
205.29
78.127
88.305
112.84
123.72
134.51
250.39
132.7
15.44
113.69
121.31
94.094
66.323
120.2
80.758
144
224.18
95.44
103.02
165.94
51.909
242.14
142.06
160.33
102.32
111.43
109.97
99.686
88.54
49.314
97.557
56.523
163.58
130.91
101.53
203.35
143.49
231.47
146.17
103.65
109.28
44.487
131.14
174.37
133.27
150.01
146.02
70.038
202.52
112.02
115.36
119.9
114.88
33.114
145.53
78.761
104.4
102.35
70.012
99.899
103.02
111.14
110.21
175.31
113.86
173.94
136.57
190.31
119.16
68.121
181.92
119.59
84.921
65.416
129.74
184.91
108.91
83.78
102.46
206.04
94.916
69.366
135.09
102.67
84.605
66.798
142.55
106.3
128.62
117.37
77.529
115.35
59.284
80.333
205.77
81.206
76.026
110.79
128.35
111.56
95.138
157.61
66.737
94.318
113.4
99.521
134.12
90.475
81.178
150.54
236.08
176.54
36.898
97.879
217.08
181.37
79.46
160.16
97.088
98.876
130.03
132.31
190.58
131.93
128.56
61.507
298.93
160.72
110.39
114.57
103.21
67.111
188.89
136.97
103.49
157.76
139.03
107.17
117.11
155.12
105.98
165.7
106.23
130.3
113.75
258
121.64
77.741
92.895
101.12
74.786
310.43
116.78
117.94
143.93
70.327
130.01
146.98
98.099
91.691
162.86
98.356
102.36
160.98
108.54
93.798
47.44
101.71
143.83
140.19
82.294
68.382
62.845
107.74
140.96
66.304
106.82
150.79
144.01
79.456
74.66
84.532
87.69
101.34
117.66
181.1
137.51
257.08
100.27
77.163
92.307
122.54
160.01
83.772
129.05
149.25
62.187
131.35
199.63
129.04
80.172
167.95
133.2
162.86
92.418
107.17
117.13
117.05
156.63
96.31
86.633
59.644
180.49
126.07
170.19
82.747
248.47
96.137
106.6
264.87
122.08
98.985
84.88
112.6
104.27
164.04
96.569
95.825
72.336
131.22
190.59
136.47
129.52
90.233
156.55
159.26
111.56
118.19
201.54
102.26
133.02
88.06
214.95
129.05
52.195
69.598
103.19
119.34
237.99
88.094
141.67
159.97
135.99
95.543
142.79
187.37
103.82
34.862
34.615
-17.75
-41.45
21.317
27.702
1.3049
-33.16
1.7047
254.78
254.78
37.207
55.297
54.908
51.606
48.648
48.648
37.423
41.452
39.211
89.788
59.89
59.785
31.621
-4.2193
-4.2193
-4.2193
-4.2193
-4.2193
-4.2193
-4.2193
-4.2193
-4.2193
-4.2193
-4.2193
-4.2193
-4.2193
-4.2193
-4.2193
-4.2193
-4.2193
-4.2193
-4.2193
-4.2193
-4.2193
-4.2193
-4.2193
-4.2193
-4.2193
-4.2193
15.421
15.421
15.421
33.798
33.798
157.03
157.03
157.03
157.03
157.03
157.03
157.03
157.03
157.03
157.03
157.03
157.03
157.03
157.03
157.03
157.03
157.03
157.03
157.03
157.03
157.03
157.03
157.03
157.03
157.03
157.03
157.03
157.03
157.03
157.03
157.03
157.03
157.03
157.03
157.03
157.03
157.03
157.03
157.03
157.03
157.03
157.03
157.03
157.03
157.03
157.03
157.03
157.03
157.03
157.03
157.03
157.03
157.03
157.03
157.03
157.03
-10.277
-10.277
73.791
73.791
73.791
133.41
133.41
133.41
133.41
133.41
133.41
133.41
133.41
133.41
133.41
133.41
133.41
133.41
133.41
133.41
133.41
275.87
275.87
275.87
275.87
275.87
275.87
275.87
275.87
275.87
275.87
275.87
275.87
275.87
203.53
99.124
99.124
26.258
26.387
26.387
45.894
145.68
145.68
145.68
145.68
145.68
145.68
145.68
164
164
164
164
164
164
164
164
164
164
164
164
164
164
164
15.83
15.83
19.822
49.259
95.398
95.398
7.1019
7.1019
7.1019
12.641
12.641
64.118
64.118
64.118
64.118
64.118
64.118
64.118
64.118
74.793
74.793
74.793
145.81
145.81
145.81
145.81
145.81
145.81
145.81
145.81
145.81
145.81
145.81
-21.972
109.1
109.1
109.1
109.1
109.1
205.94
205.94
205.94
205.94
205.94
205.94
205.94
205.94
205.94
205.94
205.94
205.94
0
6.3316
56.726
56.726
56.726
56.726
56.726
56.726
56.726
56.726
56.726
56.726
56.726
56.726
56.726
68.589
68.589
68.589
88.907
90.401
119.54
145.35
145.35
153.21
153.21
153.21
153.21
153.21
153.21
153.21
153.21
153.21
153.21
153.21
153.21
153.21
153.21
167.46
167.46
167.46
167.46
167.46
167.46
167.46
167.46
167.46
167.46
167.46
167.46
167.46
167.46
167.46
167.46
167.46
167.46
167.46
167.46
167.46
167.46
167.46
167.46
167.46
167.46
167.46
167.46
167.46
186.47
186.47
186.47
186.47
186.47
186.47
186.47
186.47
186.47
186.47
186.47
186.47
186.47
186.47
186.47
186.47
186.47
186.47
186.47
186.47
186.47
186.47
186.47
186.47
186.47
186.47
186.47
186.47
186.47
186.47
186.47
186.47
186.47
186.47
186.47
186.47
186.47
186.47
186.47
186.47
186.47
186.47
186.47
186.47
186.47
186.47
186.47
186.47
186.47
186.47
186.47
186.47
186.47
186.47
186.47
186.47
186.47
186.47
186.47
186.47
186.47
186.47
186.47
186.47
186.47
186.47
186.47
186.47
186.47
186.47
186.47
186.47
186.47
186.47
186.47
186.47
186.47
186.47
186.47
186.47
186.47
186.47
186.47
186.47
186.47
186.47
186.47
186.47
186.47
186.47
186.47
186.47
186.47
186.47
186.47
186.47
186.47
186.47
186.47
186.47
186.47
186.47
186.47
186.47
186.47
186.47
186.47
186.47
186.47
186.47
186.47
186.47
186.47
186.47
186.47
186.47
186.47
186.47
186.47
186.47
186.47
186.47
186.47
186.47
186.47
186.47
186.47
186.47
186.47
186.47
186.47
186.47
186.47
186.47
186.47
186.47
186.47
186.47
186.47
186.47
186.47
186.47
186.47
186.47
186.47
186.47
186.47
186.47
186.47
186.47
186.47
186.47
186.47
186.47
186.47
186.47
186.47
186.47
186.47
186.47
186.47
186.47
186.47
186.47
186.47
186.47
186.47
186.47
186.47
186.47
186.47
186.47
186.47
186.47
186.47
186.47
186.47
186.47
186.47
186.47
186.47
186.47
186.47
186.47
186.47
186.47
186.47
186.47
186.47
186.47
186.47
186.47
186.47
186.47
186.47
186.47
186.47
186.47
186.47
186.47
186.47
186.47
186.47
186.47
186.47
186.47
186.47
186.47
186.47
186.47
186.47
186.47
186.47
186.47
186.47
186.47
186.47
186.47
186.47
186.47
186.47
186.47
186.47
186.47
186.47
186.47
186.47
186.47
186.47
186.47
186.47
186.47
186.47
186.47
186.47
186.47
186.47
186.47
186.47
186.47
186.47
186.47
186.47
186.47
186.47
186.47
186.47
186.47
186.47
186.47
186.47
186.47
186.47
186.47
22.145
22.145
22.145
22.145
52.95
52.95
52.95
52.95
52.95
100.31
100.31
100.31
100.31
100.31
110.19
15.041
15.041
15.041
43.794
43.794
46.909
46.909
46.909
139.99
139.99
139.99
139.99
139.99
139.99
139.99
139.99
139.99
139.99
139.99
139.99
139.99
139.99
139.99
139.99
139.99
139.99
139.99
139.99
139.99
139.99
139.99
139.99
139.99
139.99
139.99
139.99
139.99
139.99
139.99
139.99
139.99
139.99
139.99
139.99
139.99
139.99
139.99
139.99
139.99
139.99
139.99
139.99
139.99
139.99
139.99
139.99
139.99
139.99
139.99
139.99
139.99
139.99
139.99
5.6526
28.378
28.378
51.11
52.749
52.749
52.749
52.749
52.749
55.607
55.607
55.607
55.607
55.607
55.607
55.607
55.607
55.607
69.876
84.613
84.613
84.613
111.44
111.44
111.44
77.57
39.945
46.678
54.401
54.401
60.385
60.385
60.597
66.237
66.237
66.237
66.237
95.671
95.671
50.885
50.885
50.885
52.768
58.499
58.499
66.9
66.9
84.549
84.549
84.549
84.549
84.549
84.549
84.549
84.549
84.549
84.549
84.549
91.966
91.966
91.966
91.966
91.966
91.966
91.966
91.966
103.27
103.27
103.27
103.27
103.27
103.27
103.27
103.27
103.27
103.27
103.27
103.27
103.27
103.27
103.27
103.27
103.27
103.27
103.27
103.27
103.27
103.27
103.27
103.27
103.27
103.27
103.27
103.27
103.27
103.27
110.44
110.44
110.44
110.44
110.44
110.44
110.44
110.44
110.44
121.25
136.07
136.07
136.07
136.07
136.07
136.07
136.07
136.07
165.87
165.87
165.87
165.87
165.87
167.82
167.82
167.82
167.82
193.39
219.1
219.1
219.1
219.1
219.1
219.1
219.1
219.1
219.1
219.1
219.1
219.1
219.1
228.68
228.68
228.68
228.68
228.68
228.68
228.68
228.68
228.68
228.68
228.68
228.68
228.68
228.68
228.68
228.68
228.68
228.68
228.68
228.68
228.68
228.68
228.68
228.68
228.68
228.68
228.68
228.68
228.68
228.68
228.68
228.68
228.68
228.68
228.68
228.68
228.68
228.68
228.68
228.68
228.68
228.68
228.68
228.68
228.68
228.68
228.68
228.68
228.68
228.68
228.68
228.68
228.68
228.68
228.68
228.68
228.68
228.68
228.68
228.68
228.68
228.68
228.68
228.68
228.68
228.68
228.68
228.68
228.68
228.68
228.68
228.68
228.68
228.68
228.68
228.68
228.68
228.68
60.884
60.884
60.884
60.884
60.884
60.884
65.11
65.11
65.11
65.11
65.11
65.11
106.01
106.01
106.01
106.01
106.01
106.01
106.01
106.01
106.01
183.59
183.59
183.59
183.59
183.59
183.59
183.59
183.59
183.59
183.59
183.59
183.59
183.59
183.59
183.59
183.59
183.59
183.59
183.59
183.59
183.59
183.59
183.59
183.59
183.59
183.59
183.59
183.59
183.59
183.59
183.59
183.59
183.59
183.59
183.59
61.737
76.095
27.3
59.726
66.584
76.131
48.922
60.899
62.746
69.372
66.376
72.118
69.08
67.527
73.821
72.737
75.729
72.592
75.744
91.875
86.082
89.11
115.73
96.607
79.75
81.489
87.106
108.14
109.26
118.57
110.56
204.49
173.72
243.3
162.3
162.3
193.15
197.12
181.48
159.58
157.06
188.93
160.79
205.82
153.93
143.21
88.63
132.8
117.29
55.81
73.836
73.836
73.836
73.836
73.836
73.836
80.098
80.098
80.098
80.098
80.098
81.966
81.966
83.447
95.982
95.982
95.982
57.582
57.582
57.582
57.582
57.582
0
20.055
20.055
24.119
38.178
71.518
56.901
61.826
63.712
63.712
72.137
75.352
75.352
81.258
110.84
62.797
62.797
68.278
68.278
71.158
71.158
71.158
73.07
73.07
73.07
74.106
74.106
74.106
74.132
74.132
74.132
74.132
74.132
74.132
76.188
82.895
91.232
135.93
135.93
135.93
135.93
135.93
135.93
135.93
135.93
135.93
135.93
135.93
135.93
135.93
135.93
135.93
135.93
137.49
137.49
137.49
144.46
144.46
148.71
167.25
167.25
167.25
208.37
208.37
208.37
208.37
208.37
208.37
208.37
208.37
208.37
208.37
215.24
215.24
215.24
223.86
223.86
234.28
234.28
234.28
234.28
234.28
234.28
234.28
234.28
256.76
256.76
256.76
256.76
256.76
256.76
256.76
256.76
256.76
256.76
256.76
256.76
256.76
256.76
256.76
30.725
30.725
34.605
34.605
64.48
64.48
64.48
64.48
64.48
64.48
64.48
64.48
64.48
64.48
64.48
64.48
64.48
64.48
64.48
64.48
64.48
64.48
77.197
77.197
77.197
77.197
77.197
82.227
102.91
102.91
102.91
102.91
102.91
102.91
102.91
102.91
102.91
102.91
145.96
145.96
145.96
145.96
145.96
145.96
145.96
145.96
145.96
145.96
145.96
145.96
145.96
146.37
146.37
146.37
146.37
146.37
146.37
149.83
152.04
152.04
152.04
152.04
152.04
153.93
153.93
164.35
164.35
164.35
164.35
164.35
164.87
164.87
178.72
243.32
243.32
243.32
243.32
243.32
243.32
243.32
243.32
243.32
243.32
243.32
243.32
243.32
243.32
243.32
243.32
243.32
243.32
243.32
243.32
243.32
243.32
243.32
243.32
243.32
243.32
243.32
243.32
243.32
243.32
243.32
243.32
243.32
243.32
243.32
243.32
243.32
243.32
243.32
243.32
243.32
243.32
243.32
243.32
243.32
252.33
252.33
252.33
252.33
252.33
252.33
252.33
252.33
252.33
252.33
252.33
252.33
252.33
252.33
252.33
252.33
252.33
252.33
252.33
252.33
252.33
252.33
252.33
252.33
252.33
252.33
252.33
252.33
252.33
252.33
252.33
252.33
252.33
252.33
252.33
252.33
252.33
252.33
252.33
252.33
252.33
252.33
252.33
252.33
252.33
252.33
252.33
252.33
252.33
252.33
252.33
252.33
252.33
252.33
252.33
252.33
252.33
252.33
252.33
252.33
252.33
252.33
252.33
252.33
252.33
252.33
252.33
252.33
252.33
252.33
252.33
252.33
252.33
252.33
252.33
252.33
252.33
252.33
252.33
252.33
252.33
252.33
252.33
252.33
252.33
252.33
252.33
252.33
252.33
129.27
129.27
129.27
129.27
129.27
129.27
130.16
130.16
130.16
130.16
130.16
130.16
130.16
130.16
130.16
130.16
130.16
189.42
189.42
189.42
189.42
195.55
195.55
195.55
195.55
195.55
195.55
195.55
195.55
195.55
195.55
195.55
195.55
200.81
200.81
200.81
200.81
220.86
279.81
279.81
410.96
410.96
410.96
410.96
410.96
410.96
410.96
471.69
597.15
