20.055
20.055
24.119
30.725
30.725
34.605
34.605
64.48
64.48
64.48
64.48
64.48
64.48
64.48
64.48
64.48
64.48
64.48
64.48
64.48
64.48
64.48
64.48
64.48
64.48
77.197
77.197
77.197
77.197
77.197
82.227
102.91
102.91
102.91
102.91
102.91
102.91
102.91
102.91
102.91
102.91
145.96
145.96
145.96
145.96
145.96
145.96
145.96
145.96
145.96
145.96
145.96
145.96
145.96
146.37
146.37
146.37
146.37
146.37
146.37
149.83
152.04
152.04
152.04
152.04
152.04
153.93
153.93
164.35
164.35
164.35
164.35
164.35
164.87
164.87
178.72
243.32
243.32
243.32
243.32
243.32
243.32
243.32
243.32
243.32
243.32
243.32
243.32
243.32
243.32
243.32
243.32
243.32
243.32
243.32
243.32
243.32
243.32
243.32
243.32
243.32
243.32
243.32
243.32
243.32
243.32
243.32
243.32
243.32
243.32
243.32
243.32
243.32
243.32
243.32
243.32
243.32
243.32
243.32
243.32
243.32
252.33
252.33
129.27
129.27
129.27
129.27
129.27
129.27
130.16
130.16
130.16
130.16
130.16
130.16
130.16
130.16
130.16
130.16
130.16
189.42
189.42
189.42
189.42
195.55
195.55
195.55
195.55
195.55
195.55
195.55
195.55
195.55
195.55
195.55
195.55
200.81
200.81
200.81
200.81
220.86
279.81
279.81
410.96
410.96
410.96
410.96
410.96
410.96
410.96
471.69
597.15