-7.0405
-7.8167
-7.8167
-7.8167
-7.8167
-7.8167
-7.8167
-7.8167
-7.8167
-7.8167
-7.8167
-7.8167
-7.9028
-7.9028
-10.019
-10.019
-10.019
-10.019
-10.019
-10.507
-11.208
-11.208
-11.208
-11.208
-11.208
-11.208
-11.208
-11.672
-11.759
-11.759
-11.759
-11.759
-11.759
-11.759
-11.759
-11.998
-11.998
-13.541
-13.541
-13.541
-13.541
-13.541
-13.541
-13.541
-13.541
-13.541
-13.541
-13.541
4.0837
4.6579
4.6579
3.9022
3.9022
4.7432
4.7432
7.5323
7.5323
7.5323
7.5323
7.5323
7.5323
7.5323
7.5323
7.5323
7.5323
7.5323
7.5323
7.5323
7.5323
7.5323
7.5323
7.5323
7.5323
4.9509
4.9509
4.9509
4.9509
4.9509
4.9509
4.9509
4.9509
4.9509
4.9509
4.9509
4.9509
4.9509
4.9509
4.9509
8.0862
8.0862
8.0862
8.0862
8.0862
8.0862
8.0862
8.0862
8.0862
8.3005
8.3005
8.3005
8.3005
8.3005
8.3005
8.3005
8.3005
8.3005
8.3005
8.3005
8.3005
8.3005
8.3005
8.3005
8.3005
8.3005
8.3005
8.3005
8.3005
8.3005
8.3005
8.3005
8.3005
8.3713
8.3713
8.3828
8.3828
8.5218
8.5218
8.5218
8.5218
8.5218
9.7792
9.7792
9.7792
9.7792
9.7792
9.7792
9.7792
9.7792
9.7792
9.7792
9.7792
9.7792
9.7792
9.7792
9.7792
9.7792
9.7792
9.7792
9.7792
9.7792
9.7792
9.7792
9.7792
9.7792
9.7792
9.7792
9.7792
9.7792
9.7792
9.7792
9.7792
9.7792
9.7792
9.7792
9.7792
9.7792
9.7792
9.7792
9.7792
9.7792
9.7792
9.7792
9.7792
9.7792
9.7792
9.7792
9.7792
9.7792
9.7792
9.7792
9.7792
9.7792
9.7792
9.7792
9.7792
9.7792
9.7792
9.7792
9.7792
9.7792
9.7792
9.7792
9.7792
9.7792
9.7792
9.7792
9.7792
9.7792
9.7792
9.7792
9.7792
9.7792
9.7792
9.7792
9.7792
9.7792
9.7792
9.7792
9.7792
9.7792
9.7792
9.7792
9.7792
9.7792
9.7792
9.7792
9.7792
9.7792
9.7792
9.7792
9.7792
9.7792
9.7792
9.7792
9.7792
9.7792
9.7792
9.7792
9.7792
9.7792
9.7792
9.7792
9.7792
9.7792
9.7792
9.7792
9.7792
9.7792
9.7792
9.7792
9.7792
9.7792
9.7792
9.7792
9.7792
9.7792
9.7792
9.7792
9.7792
9.7792
9.7792
9.7792
9.7792
9.7792
9.7792
9.7792
9.7792
9.7792
9.7792
9.7792
9.7792
9.7792
9.7792
9.7792
9.7792
9.7792
9.7792
9.7792
9.7792
9.7792
9.7792
9.7792
9.7792
9.7792
9.7792
9.7792
9.7792
9.7792
9.7792
9.7792
9.7792
9.7792
9.7792
9.7792
9.7792
9.7792
9.7792
9.7792
9.7792
9.7792
9.7792
9.7792
9.7792
9.7792
9.7792
9.7792
9.7792
9.7792
9.7792
9.7792
9.7792
9.7792
9.7792
9.7792
9.7792
9.7792
9.7792
9.7792
9.7792
9.7792
9.7792
9.7792
9.7792
9.7792
9.7792
9.7792
9.7792
9.7792
9.7792
9.7792
9.7792
9.7792
9.7792
9.7792
9.7792
9.7792
9.7792
9.7792
9.7792
9.7792
9.7792
9.7792
9.7792
9.7792
9.7792
9.7792
9.7792
9.7792
9.7792
9.7792
9.7792
9.7792
9.7792
9.7792
9.7792
9.7792
9.7792
9.7792
9.7792
9.7792
9.7792
9.7792
9.7792
9.7792
9.7792
9.7792
9.7792
9.7792
9.7792
9.7792
9.7792
9.7792
9.7792
9.7792
9.7792
9.7792
9.7792
9.7792
9.7792
9.7792
9.7792
9.7792
9.7792
9.7792
9.7792
9.7792
9.7792
9.7792
9.7792
9.7792
9.7792
9.7792
9.7792
9.7792
9.7792
9.7792
9.7792
9.7792
9.7792
9.7792
9.7792
9.7792
9.7792
9.7792
9.7792
9.7792
9.7792
9.7792
9.7792
9.7792
9.7792
9.7792
9.7792
9.7792
9.7792
9.7792
9.7792
9.7792
9.7792
9.7792
9.7792
9.7792
9.7792
9.7792
9.7792
9.7792
9.7792
9.7792
9.7792
9.7792
9.7792
9.7792
9.7792
9.7792
9.7792
9.7792
9.7792
9.7792
9.7792
9.7792
9.7792
9.7792
9.7792
9.7792
9.7792
9.7792
9.7792
9.7792
9.7792
9.7792
9.7792
9.7792
9.7792
9.7792
9.7792
9.7792
9.7792
9.7792
9.7792
9.7792
9.7792
9.7792
9.7792
9.7792
9.7792
9.7792
9.7792
9.7792
9.7792
9.7792
4.6589
5.9482
5.9482
5.9482
6.2271
6.2271
6.2271
6.2271
6.2271
7.9323
7.9323
7.9323
7.9323
7.9323
7.9323
7.9323
7.9323
7.9323
7.9323
7.9323
7.9323
7.9323
7.9323
7.9323
7.9323
7.9323
7.9323
6.2043
6.2043
6.2043
9.3418
8.0988
8.0988
8.0988
8.0988
8.0988
8.0988
8.0988
13.133
13.133
13.133
13.133
13.133
13.133
13.133
13.581
14.12
10.736
10.736
10.736
10.736
10.736
10.736
10.736
10.736
10.736
10.736
10.736
10.736
10.736
10.736
10.736
10.736
11.468
11.468
11.468
11.468
11.468
11.468
11.468
11.468
11.468
11.468
11.468
11.468
11.468
11.468
11.468
11.468
11.468
11.468
11.468
11.468
11.468
11.468
11.468
14.732
14.732
14.732
14.732
14.732
14.732
14.732
14.732
14.732
14.732
14.732
14.732
14.732
14.732
14.732
14.732
14.732
14.732
14.732
14.732
14.732
14.732
14.732
23.2
23.2
23.2
23.2
23.2
23.2
23.2
23.2
23.2
23.2
23.2
23.2
23.2
23.2
23.2
23.2
23.2
23.2
23.2
23.2
23.2
23.2
23.2
23.2
23.2
23.2
23.2
23.2
23.2
23.2
23.2
23.2
23.2
25.075
25.075
25.075
25.075
25.075
25.075
17.287
17.287
17.287
17.287
17.287
17.287
17.287
17.287
17.287
17.287
17.287
17.287
17.287
17.287
17.287
17.287
17.287
17.287
17.287
17.287
17.287
17.287
17.287
17.287
17.287
17.287
17.287
17.287
17.287
17.287
17.287
17.287
17.287
17.287
17.287
17.287
17.287
17.287
17.287
17.287
17.287
17.287
17.287
17.287
17.287
17.287
17.287
17.287
17.287
17.287
17.287
17.287
17.287
17.287
17.287
17.287
17.287
17.287
17.287
17.287
17.287
17.287
17.287
17.287
17.287
17.287
17.287
17.287
17.287
17.287
17.287
17.287
17.287
17.287
17.287
17.287
17.287
17.287
17.287
17.287
17.287
17.287
17.287
17.287
17.287
17.287
17.287
17.287
17.287
17.287
17.287
17.287
17.287
17.831
17.831
17.831
17.831
17.831
17.831
17.831
17.831
17.831
17.831
17.831
17.831
17.831
17.831
17.831
17.831
17.831
17.831
17.831
17.831
17.831
17.831
17.831
17.831
17.831
17.831
17.831
17.831
17.831
17.831
17.831
17.831
17.831
17.831
17.831
17.831
17.831
17.831
17.831
17.831
17.831
17.831
17.831
17.831
17.831
17.831
17.831
17.831
17.831
17.831
17.831
17.831
17.831
17.831
17.831
17.831
17.831
17.831
17.831
17.831
17.831
17.831
17.831
17.831
17.831
17.831
17.831
17.831
17.831
17.831
17.831
17.831
17.831
17.831
17.831
17.831
17.831
17.831
17.831
17.831
17.831
17.831
17.831
17.831
17.831
17.831
17.831
17.831
17.831
17.831
17.831
17.831
17.831
17.831
17.831
17.831
17.831
17.831
17.831
17.831
17.831
17.831
17.831
17.831
17.831
17.831
17.831
4.981
5.1203
5.6851
17.831
17.831
17.831
17.831
17.831
17.831
17.831
17.831
17.831
17.831
17.831
17.831
17.831
17.831
17.831
17.831
17.831
17.831
17.831
17.831
17.831
17.831
17.831
17.831
17.831
17.831
17.831
17.831
17.831
17.831
17.831
17.831
17.831
17.831
17.831
17.831
17.831
17.831
17.831
17.831
17.831
17.831
17.831
17.831
17.831
17.831
17.831
17.831
17.831
17.831
17.831
17.831
17.831
17.831
17.831
17.831
17.831
17.831
17.831
17.831
17.831
17.831
17.831
17.831
17.831
17.831
17.831
17.831
17.831
17.831
17.831
17.831
17.831
17.831
17.831
17.831
17.831
17.831
17.831
17.831
17.831
17.831
17.831
17.831
17.831
17.831
17.831
17.831
17.831
17.831
17.831
17.831
17.831
17.831
17.831
17.831
17.831
17.831
17.831
17.831
17.831
17.831
17.831
17.831
17.831
17.831
17.831
17.831
17.831
17.831
17.831
17.831
17.831
17.831
17.831
17.831
17.831
17.831
17.831
17.831
17.831
17.831
17.831
17.831
17.831
17.831
17.831
17.831
17.831
17.831
17.831
17.831
17.831
17.831
17.831
17.831
17.831
17.831
17.831
17.831
17.831
17.831
17.831
17.831
17.831
17.831
17.831
17.831
17.831
17.831
17.831
17.831
17.831
17.831
17.831
17.831
17.831
17.831
17.831
17.831
17.831
17.831
17.831
17.831
17.831
17.831
17.831
17.831
17.831
17.831
17.831
17.831
17.831
17.831
17.831
17.831
17.831
17.831
17.831
17.831
17.831
17.831
17.831
17.831
17.831
17.831
17.831
17.831
17.831
17.831
17.831
17.831
17.831
17.831
17.831
17.831
17.831
17.831
17.831
17.831
17.831
17.831
17.831
17.831
17.831
17.831
17.831
17.831
17.831
17.831
17.831
17.831
17.831
17.831
17.831
17.831
17.831
17.831
17.831
17.831
17.831
17.831
17.831
17.831
17.831
17.831
17.831
17.831
17.831
17.831
17.831
17.831
17.831
17.831
17.831
17.831
17.831
17.831
17.831
17.831
17.831
17.831
17.831
17.831
17.831
17.831
17.831
17.831
17.831
17.831
17.831
17.831
17.831
17.831
17.831
17.831
17.831
17.831
17.831
17.831
17.831
17.831
17.831
17.831
17.831
17.831
17.831
17.831
17.831
17.831
17.831
17.831
17.831
17.831
17.831
17.831
17.831
17.831
17.831
17.831
17.831
17.831
17.831
17.831
17.831
17.831
17.831
17.831
17.831
17.831
17.831
17.831
17.831
17.831
17.831
17.831
17.831
17.831
17.831
17.831
17.831
17.831
17.831
17.831
17.831
17.831
17.831
17.831
17.831
17.831
17.831
17.831
17.831
17.831
17.831
17.831
17.831
17.831
17.831
17.831
17.831
17.831
17.831
17.831
17.831
17.831
17.831
17.831
17.831
17.831
17.831
17.831
17.831
17.831
17.831
17.831
17.831
17.831
17.831
17.831
17.831
17.831
17.831
17.831
17.831
17.831
17.831
17.831
17.831
17.831
17.831
17.831
17.831
17.831
17.831
17.831
17.831
17.831
17.831
17.831
17.831
17.831
17.831
17.831
17.831
17.831
17.831
17.831
17.831
17.831
17.831
17.831
17.831
17.831
17.831
17.831
17.831
17.831
17.831
17.831
17.831
17.831
17.831
17.831
17.831
17.831
17.831
17.831
17.831
17.831
17.831
17.831
17.831
17.831
17.831
17.831
17.831
17.831
17.831
17.831
17.831
17.831
17.831
17.831
17.831
17.831
17.831
17.831
17.831
17.831
17.831
17.831
17.831
17.831
17.831
17.831
17.831
17.831
17.831
17.831
17.831
17.831
17.831
17.831
17.831
17.831
17.831
17.831
17.831
17.831
17.831
17.831
17.831
17.831
17.831
17.831
17.831
17.831
17.831
17.831
17.831
17.831
17.831
17.831
17.831
17.831
17.831
17.831
17.831
17.831
17.831
17.831
17.831
17.831
17.831
17.831
17.831
17.831
17.831
17.831
17.831
17.831
17.831
17.831
17.831
17.831
17.831
17.831
17.831
17.831
17.831
17.831
17.831
17.831
17.831
17.831
17.831
17.831
17.831
17.831
17.831
17.831
17.831
17.831
17.831
17.831
17.831
17.831
17.831
17.831
17.831
17.831
17.831
17.831
17.831
17.831
17.831
17.831
17.831
17.831
17.831
17.831
17.831
17.831
17.831
17.831
17.831
17.831
17.831
17.831
17.831
17.831
17.831
17.831
17.831
17.831
17.831
17.831
17.831
17.831
17.831
17.831
17.831
17.831
17.831
17.831
17.831
17.831
17.831
17.831
17.831
17.831
17.831
17.831
17.831
17.831
17.831
17.831
17.831
17.831
17.831
17.831
17.831
17.831
17.831
17.831
17.831
17.831
17.831
17.831
17.831
17.831
17.831
17.831
17.831
17.831
17.831
17.831
17.831
17.831
17.831
17.831
17.831
17.831
17.831
17.831
17.831
17.831
17.831
17.831
17.831
17.831
17.831
17.831
17.831
17.831
17.831
17.831
17.831
17.831
17.831
17.831
17.831
17.831
17.831
17.831
17.831
17.831
17.831
17.831
17.831
17.831
17.831
17.831
17.831
17.831
17.831
17.831
17.831
17.831
17.831
17.831
17.831
17.831
17.831
17.831
17.831
17.831
17.831
17.831
17.831
17.831
17.831
17.831
17.831
17.831
17.831
17.831
17.831
17.831
17.831
17.831
17.831
17.831
17.831
17.831
17.831
17.831
17.831
17.831
17.831
17.831
17.831
17.831
17.831
17.831
17.831
17.831
17.831
17.831
17.831
17.831
17.831
17.831
17.831
17.831
17.831
17.831
17.831
17.831
17.831
17.831
17.831
17.831
17.831
17.831
17.831
17.831
17.831
17.831
17.831
17.831
17.831
17.831
17.831
17.831
17.831
17.831
17.831
17.831
17.831
17.831
17.831
17.831
17.831
17.831
17.831
17.831
17.831
17.831
17.831
17.831
17.831
17.831
17.831
17.831
17.831
17.831
17.831
17.831
17.831
17.831
17.831
17.831
17.831
17.831
17.831
17.831
17.831
17.831
17.831
17.831
17.831
17.831
17.831
17.831
17.831
17.831
17.831
17.831
17.831
17.831
17.831
17.831
17.831
17.831
17.831
17.831
17.831
17.831
17.831
17.831
17.831
17.831
17.831
17.831
17.831
17.831
17.831
17.831
17.831
17.831
17.831
17.831
17.831
17.831
17.831
17.831
17.831
17.831
17.831
17.831
17.831
17.831
17.831
17.831
17.831
17.831
17.831
17.831
17.831
17.831
17.831
17.831
17.831
17.831
17.831
17.831
17.831
17.831
17.831
17.831
17.831
4.1854
4.7742
5.0916
5.2628
9.8426
4.8812
4.8276
5.9229
4.6368
6.3261
2.7103
6.3868
5.6136
5.4494
9.1561
7.5583
6.17
11.823
3.9722
3.7779
6.6239
9.6394
8.3555
11.879
10.868
10.601
16.021
11.813
3.8809
7.0624
9.9813
6.792
13.213
10.417
15.102
4.5846
5.5221
12.31
5.4659
5.5292
8.3984
5.5085
10.478
8.0026
8.2404
7.9048
7.8324
8.0462
6.1932
16.524
5.6962
15.863
12.227
13.509
4.4607
6.1532
10.338
13.476
7.422
8.4056
18.457
8.2388
6.9282
11.209
12.76
4.9508
5.9926
13.104
5.8758
5.294
9.4255
10.452
7.5189
7.3127
14.63
7.1775
6.704
13.566
18.077
12.953
14.556
6.9766
17.448
9.9284
14.425
7.2736
7.1877
11.046
11.565
16.552
11.122
15.61
11.293
17.959
7.0203
10.842
6.0166
8.9472
12.049
6.8529
11.13
14.42
7.8794
11.483
9.9803
10.142
6.8775
15.206
15.886
30.462
21.454
10.845
12.821
11.295
8.1644
14.776
11.004
12.994
14.54
8.9589
9.8544
11.399
6.4025
12.807
6.4047
22.59
8.712
8.7188
6.4396
7.7007
9.328
7.9151
7.6453
16.12
13.919
6.1553
9.4868
7.4531
7.8488
7.6866
13.92
13.112
6.804
12.917
7.4776
7.8517
10.107
11.744
14.26
5.9311
13.232
4.967
10.42
9.6382
8.8564
-2.683
-2.683
-2.683
-2.683
-5.3286
8.3224
-6.5762
-6.5762
-6.5762
-6.5762
5.2198
5.2198
6.8487
-7.5514
-7.5514
7.7003
7.7003
7.7003
7.7003
7.7003
7.7003
7.7003
7.2239
7.2239
7.2239
7.2239
7.2239
7.2239
7.2239
7.2239
7.2239
7.2239
7.2239
7.2239
7.2239
7.2239
7.2239
7.2239
7.2239
7.2239
7.2239
7.2239
5.2258
-6.04
-5.2723
6.927
-6.4162
-3.304
-5.4147
5.6322
5.486
7.4422
-5.9755
2.5225
-0.92301
5.5478
5.5311
-5.7815
-2.3587
3.0105
-4.2139
0.53039
-3.7788
-5.8277
-5.7766
-6.2659
-0.53926
1.5077
-7.8169
4.5973
6.0084
2.388
-5.9755
-5.2231
3.3348
-5.9408
2.0346
5.3224
-5.8829
-3.0485
5.7336
-5.9111
5.5408
-5.9218
0.51484
4.7397
-5.92
0.76616
-5.9861
-3.6119
-3.554
-5.4838
1.3843
-5.8961
5.1659
-6.1928
-4.0486
2.5524
-3.3309
3.2883
-4.7576
-5.7016
-7.1094
-4.1297
1.4351
-5.8186
-1.1858
3.7635
-6.2131
-9.5757
-8.7019
-7.3256
-8.6648
-6.2624
-2.212
1.6718
-8.9463
-3.2022
-7.376
-6.6032
-7.42
-4.6422
-4.5357
-6.4114
-2.6673
-4.4641
-5.3629
-6.4357
-4.6555
-4.7362
-6.5433
-4.2425
-4.8819
-8.7721
-4.7671
-3.1908
0.39462
-2.5954
-0.056395
-4.7194
0.84833
-0.55332
-5.5021
-0.66338
-0.44007
-0.17985
-0.77769
-1.3122
-1.3619
-1.2058
-1.8681
-1.9346
-2.5803
-0.15655
-2.4479
-1.3542
-4.2581
-2.2825
-3.4574
-0.26639
-3.3973
-2.5315
-5.1075
-3.5129
-1.2934
-2.9967
-2.3096
-7.8793
-7.8793
4.1015
4.1015
1.6808
-0.12831
-0.12831
-0.12831
-0.12831
-0.12831
-0.12831
-0.12831
-0.12831
-0.12831
-0.12831
-0.12831
-0.12831
-0.12831
-0.12831
-0.12831
-0.12831
-0.12831
-0.12831
-0.12831
-0.12831
-0.12831
-0.12831
-0.12831
-0.12831
-0.12831
-0.12831
-0.12831
-0.12831
-0.12831
-0.12831
-0.12831
-0.12831
-0.12831
-0.12831
-0.12831
-0.12831
-0.12831
-0.12831
-0.12831
-0.12831
-0.12831
-0.12831
-0.12831
-0.12831
-0.12831
-0.12831
-0.12831
-0.12831
-0.12831
-0.12831
-0.12831
-0.12831
-0.12831
-0.12831
-0.12831
-0.12831
-0.12831
-0.12831
-0.12831
-0.12831
-0.12831
-0.12831
-0.12831
-0.12831
-0.12831
-0.12831
-0.12831
-0.12831
-0.12831
-0.12831
-0.12831
-0.12831
-0.12831
-0.12831
-0.12831
-0.12831
-0.12831
-0.12831
-6.02
3.9116
3.9116
3.9116
-6.7135
