10 294 1761505038
0.6254520956079999694 1.8566998588102030521 -1.0918800720523935688 3.6514946709715720985 -2.6958392989920207938 -0.050646780243721822856 2.7510320405631727425 2.7715034698040175165 2.146119486438859969 1.8987338204003814113 
-0.28422580845691325369 0.29700366547257339711 -0.75548006841013592982 0.21263373593102530279 0.84746275595840203643 0.96532310986110503315 -0.45295265940043283326 0.099786554013508776961 -0.8983642347493021596 -0.27582064409272277761 
0.10039861320779319698 -0.52298147424838092867 -0.83544565235476397902 -0.98692827625940515723 -0.46077233112101656509 0.89221728645308240324 0.89823380230631344467 -0.71202129620486342976 0.39949143933830089104 -0.42091328746785516834 
0.33039906559489029547 0.30533340921767138099 0.31321395430634502155 -0.25521083631196594954 -0.2610405921189379308 0.56999908376420660439 0.77507923103429288147 -0.87936898780275063459 -0.82406652123918378017 0.28826000478141322603 
-0.99471997877413920186 -0.94471696017363948616 -0.56221054870824205274 0.78378141020242475534 0.83705234246219473171 0.87883278086832872233 0.45548690841382510897 -0.65950789513296004252 -0.20940001640453742571 0.30661319392444075227 
-0.26546338135581637463 -0.040505057562025825746 0.6959413792159647727 -0.071421806872843718317 -0.80072720768800031976 -0.073684306325822790384 -0.81137630780294389687 -0.97098327543934248585 0.67909982689891390528 -0.44906936950099185513 
0.12165894535983090563 -0.23539570848849045159 0.32570478282602066677 0.40195886504217082091 -0.70466433700044928123 0.94286498777732341559 -0.63469973220185438301 -0.44118363425190687543 0.72689834587325319326 0.4564172124150687182 
0.62282677471945779857 -0.58576296528905991146 0.74748165988266901394 0.72423478140051167351 -0.55064330334747801921 -0.996495797541696815 0.77979511219390751364 0.57882449695322835126 -0.28608217756994258618 -0.89471175966461102824 
0.95037128888568234153 0.41236822001445005981 -0.97854164818710220874 -0.76790933937029515199 0.25545204181775749142 0.19718032978683996959 0.59757868204234054765 -0.81185233655777877537 -0.3015961857939263302 -0.73060097319112615732 
-0.83706249267584187379 0.41473949591818337623 -0.72903799349505638006 -0.19651097841823439438 -0.96858027030222215714 -0.44924520493895458984 -0.20249528862403309848 -0.18753818310108549827 -0.19841922081639007391 0.17441395540654580643 
-0.64001386446973707045 0.71568073091360573379 -0.68419342223191759178 -0.93527615871335090247 0.54849316827321992207 -0.44398115028327145293 -0.9272453781631351255 0.96831732572910134138 -0.2962686030374196422 -0.72841240548735564087 
-0.16339788154704637524 -0.99284204909796303085 -0.88750380804302475557 0.51008305957705535327 -0.87579999428422261598 -0.96546426545046593048 -0.31948476017250238002 -0.77993059659272834239 0.47148698301659286436 -0.30654219115191605471 
0.95922864631019022497 0.75717866856653293084 0.66004606018264699863 0.1583493473900661197 -0.93785150808783701581 0.43711376621215225491 0.021898473464006418254 -0.76993455115351372431 0.070422271961409821373 0.96925533326109425403 
0.86777211669682530193 0.7489132508227018814 0.33153972151598409823 -0.044241859279823270157 0.85003983182479569969 0.20867657827039964857 0.44929908534644735774 -0.98335352927326225014 -0.78466774933611938003 -0.075185904911240664106 
0.48254728442841021696 0.68938883323745825393 0.1151096675289469129 0.41966184144801532696 0.80319666099697073491 0.73769960833667092004 0.55737544713891473691 -0.57433430094878779038 -0.8338039545410698139 -0.24886004842874021037 
-0.32791564173502485424 0.90850461774876012377 0.94206907025609654127 -0.26637840172281190831 0.76145239236273698502 0.19751086808129714179 0.36160239048205222723 -0.99775611299492794615 0.71702173584023376485 -0.45815844489228774172 
-0.80677993877450671079 -0.44507475671612206636 0.098944883478211842487 -0.27373459598833693729 -0.99927172514830653327 -0.080808836532753614001 -0.44332590907488689247 0.72339802038744838164 0.12131031487361076948 -0.77881230762132880319 
0.64546246041909305369 0.93366975424145848272 -0.95524926276067501085 0.89588032919948124011 -0.3164935782980389245 -0.5383513590168980123 -0.54735692170027427927 0.36773307216325545888 0.40485652793755444456 0.34942451628601034486 
-1.0570956139195162304 0.32955791812565743415 0.072881526009663022414 0.098797699194939941902 -0.98362736366353842321 -0.20114790381234198824 0.057733250588895196342 0.91036715787792155119 1.639081872031165954 2.4740437603073592854 
0.04833413301362687875 -0.79575764970300244538 0.58604484480910246091 -0.32134101064025089034 -0.052542945727025558433 0.75814063675089693461 0.068934637374911789109 -0.051443527733428418003 0.85452814214055838882 0.2662981637718162542 
0.76123515433272848085 -0.75303394528231559768 0.55531409237690110281 -0.43200613994466019463 -0.40682475315955657358 -0.018669515963428917615 0.20335551662108719562 -0.19182915815222145728 0.66165873294519372827 0.93037486945201441912 
0.6632091462698328499 0.47638588353255673091 0.39972445874122364273 -0.65231590580706588778 -0.32221564486887355194 -0.073462804704360840091 0.3755369854917181005 -0.43115055870445817554 -0.60307914084871205862 -0.45385128765293758502 
0.66230400919252518932 0.78491154069729129894 -0.19562718363503883712 0.29449395277548084948 -0.95363837043432797547 -0.78702001797900444924 -0.053487485701948389583 -0.39960088330585041838 -0.2927256092878514071 0.85039552963624065463 
0.56266505081213091799 -0.84299244321335642383 0.56650088052738900579 -0.28622088231127762459 -0.95045365953811578041 -0.87274366967982197618 0.72573860819268420919 -0.98528759393336440287 -0.7193013595908441804 -0.65230345038683534842 
-0.23809868918129961646 -0.25417029601931606653 -0.65914612051213483657 -0.97450787093557023066 0.78235903222841440829 -0.68486080932697768198 -0.26600327310061744335 0.65004224960019807433 0.98730408117702950221 -0.30930523752585770136 
-0.22321770257486650557 -0.86854599149560807181 -0.40245281802772614466 0.5884238537652912715 -0.24451566660132217912 0.93843222084874233779 -0.71629590083018968016 0.16828262153806861079 -0.81190561282266715537 0.50737500500499943534 
0.22402525795857797242 0.63365514879477013999 0.056113973326559651866 0.6545617760868254198 -0.019501278061947457942 -0.2270995479247589488 0.97079421536540411175 -0.21709179650581500454 0.54787433979213284729 0.6548296680638647782 
-0.45258093679142608057 -0.83417441231472178043 0.42114117206689405393 -0.12997770666002428364 -0.15837016353007959957 0.21315504823323583317 0.30841323337649528824 -0.86896845880763429193 -0.020911963124395360758 0.094816942388369129802 
0.97684603131045011359 -0.87204008032188284893 0.92266134822926071379 -0.48304009927373381394 -0.75139158245907877731 0.20383316163166509405 
-0.54592824405947459887 0.37481290059195626618 -0.67583109646633476864 -0.85914065800419170404 0.3643502034615513363 0.90193026027338341066 
1.613639501715819824 0.81041719321706928714 -1.3745665292289899195 -2.1949672442028660413 0.52213194675317819993 -0.51817470998648496039 
-0.23693292309319691213 0.2847664788443535766 0.60344163808572615082 -0.91390268704486177231 -0.84732185108416779862 0.49377010804266063815 
-0.33777774929587844888 0.22021870779374563831 -0.99400810856058607889 -0.15545565930012039679 -0.1625042925476746225 -0.17700868773333922057 
0.35036829603573926839 0.90848299192643700017 -0.6159265838719487629 0.60983948098727602805 0.61796568614771896222 0.64063550919260414673 
-0.14661080726847453004 0.28870460916818219133 0.74905048464891876847 0.56153963527034589376 -0.80199220420816430543 -0.15891638851484124473 
-0.92829845842107727716 -0.26468600057533397951 0.14403995902797928075 0.41103893729004270519 0.79242715593178192357 0.28528807133425337916 
-0.78362748601518716907 0.75777210266223882229 0.053328608076037342656 0.1994129341144770251 0.75725686806224001835 -0.53602044433079298891 
0.058419912605769619418 -0.077824764224384668232 -0.46888331213194955893 -0.15676895550792779854 0.58040274124606594519 0.13304319784156226625 
-0.26075002461689944511 0.68032386460692917396 0.86891158069817731047 0.24094705911345437599 -0.27007662508883367725 -0.88907733377530950847 







0.69667495399768275544 1.5339363218989243709 -1.56701712938925386 4.8905505240814290957 -1.6224498924916057607 -2.6812355312642877081 2.7472555920543753061 2.036924591884632374 1.1881623395244849117 2.1180224415295367812 
-0.28422580845691325369 0.29700366547257339711 -0.75548006841013592982 0.21263373593102530279 0.84746275595840203643 0.96532310986110503315 -0.45295265940043283326 0.099786554013508776961 -0.8983642347493021596 -0.27582064409272277761 
0.10039861320779319698 -0.52298147424838092867 -0.83544565235476397902 -0.98692827625940515723 -0.46077233112101656509 0.89221728645308240324 0.89823380230631344467 -0.71202129620486342976 0.39949143933830089104 -0.42091328746785516834 
0.33039906559489029547 0.30533340921767138099 0.31321395430634502155 -0.25521083631196594954 -0.2610405921189379308 0.56999908376420660439 0.77507923103429288147 -0.87936898780275063459 -0.82406652123918378017 0.28826000478141322603 
-0.99471997877413920186 -0.94471696017363948616 -0.56221054870824205274 0.78378141020242475534 0.83705234246219473171 0.87883278086832872233 0.45548690841382510897 -0.65950789513296004252 -0.20940001640453742571 0.30661319392444075227 
-0.26546338135581637463 -0.040505057562025825746 0.6959413792159647727 -0.071421806872843718317 -0.80072720768800031976 -0.073684306325822790384 -0.81137630780294389687 -0.97098327543934248585 0.67909982689891390528 -0.44906936950099185513 
0.12165894535983090563 -0.23539570848849045159 0.32570478282602066677 0.40195886504217082091 -0.70466433700044928123 0.94286498777732341559 -0.63469973220185438301 -0.44118363425190687543 0.72689834587325319326 0.4564172124150687182 
0.62282677471945779857 -0.58576296528905991146 0.74748165988266901394 0.72423478140051167351 -0.55064330334747801921 -0.996495797541696815 0.77979511219390751364 0.57882449695322835126 -0.28608217756994258618 -0.89471175966461102824 
0.95037128888568234153 0.41236822001445005981 -0.97854164818710220874 -0.76790933937029515199 0.25545204181775749142 0.19718032978683996959 0.59757868204234054765 -0.81185233655777877537 -0.3015961857939263302 -0.73060097319112615732 
-0.83706249267584187379 0.41473949591818337623 -0.72903799349505638006 -0.19651097841823439438 -0.96858027030222215714 -0.44924520493895458984 -0.20249528862403309848 -0.18753818310108549827 -0.19841922081639007391 0.17441395540654580643 
-0.64001386446973707045 0.71568073091360573379 -0.68419342223191759178 -0.93527615871335090247 0.54849316827321992207 -0.44398115028327145293 -0.9272453781631351255 0.96831732572910134138 -0.2962686030374196422 -0.72841240548735564087 
-0.16339788154704637524 -0.99284204909796303085 -0.88750380804302475557 0.51008305957705535327 -0.87579999428422261598 -0.96546426545046593048 -0.31948476017250238002 -0.77993059659272834239 0.47148698301659286436 -0.30654219115191605471 
0.95922864631019022497 0.75717866856653293084 0.66004606018264699863 0.1583493473900661197 -0.93785150808783701581 0.43711376621215225491 0.021898473464006418254 -0.76993455115351372431 0.070422271961409821373 0.96925533326109425403 
0.86777211669682530193 0.7489132508227018814 0.33153972151598409823 -0.044241859279823270157 0.85003983182479569969 0.20867657827039964857 0.44929908534644735774 -0.98335352927326225014 -0.78466774933611938003 -0.075185904911240664106 
0.48254728442841021696 0.68938883323745825393 0.1151096675289469129 0.41966184144801532696 0.80319666099697073491 0.73769960833667092004 0.55737544713891473691 -0.57433430094878779038 -0.8338039545410698139 -0.24886004842874021037 
-0.32791564173502485424 0.90850461774876012377 0.94206907025609654127 -0.26637840172281190831 0.76145239236273698502 0.19751086808129714179 0.36160239048205222723 -0.99775611299492794615 0.71702173584023376485 -0.45815844489228774172 
-0.80677993877450671079 -0.44507475671612206636 0.098944883478211842487 -0.27373459598833693729 -0.99927172514830653327 -0.080808836532753614001 -0.44332590907488689247 0.72339802038744838164 0.12131031487361076948 -0.77881230762132880319 
0.64546246041909305369 0.93366975424145848272 -0.95524926276067501085 0.89588032919948124011 -0.3164935782980389245 -0.5383513590168980123 -0.54735692170027427927 0.36773307216325545888 0.40485652793755444456 0.34942451628601034486 
-0.65906110153244967798 1.5178041683759588842 -1.3113684778139984566 -1.135441279137620274 -1.3617210424906975863 -1.3973811281121983896 0.23838322074340456691 1.8636857056490774287 -0.64815094621512192585 2.0056727226913033668 
0.04833413301362687875 -0.79575764970300244538 0.58604484480910246091 -0.32134101064025089034 -0.052542945727025558433 0.75814063675089693461 0.068934637374911789109 -0.051443527733428418003 0.85452814214055838882 0.2662981637718162542 
0.76123515433272848085 -0.75303394528231559768 0.55531409237690110281 -0.43200613994466019463 -0.40682475315955657358 -0.018669515963428917615 0.20335551662108719562 -0.19182915815222145728 0.66165873294519372827 0.93037486945201441912 
0.6632091462698328499 0.47638588353255673091 0.39972445874122364273 -0.65231590580706588778 -0.32221564486887355194 -0.073462804704360840091 0.3755369854917181005 -0.43115055870445817554 -0.60307914084871205862 -0.45385128765293758502 
0.66230400919252518932 0.78491154069729129894 -0.19562718363503883712 0.29449395277548084948 -0.95363837043432797547 -0.78702001797900444924 -0.053487485701948389583 -0.39960088330585041838 -0.2927256092878514071 0.85039552963624065463 
0.56266505081213091799 -0.84299244321335642383 0.56650088052738900579 -0.28622088231127762459 -0.95045365953811578041 -0.87274366967982197618 0.72573860819268420919 -0.98528759393336440287 -0.7193013595908441804 -0.65230345038683534842 
-0.23809868918129961646 -0.25417029601931606653 -0.65914612051213483657 -0.97450787093557023066 0.78235903222841440829 -0.68486080932697768198 -0.26600327310061744335 0.65004224960019807433 0.98730408117702950221 -0.30930523752585770136 
-0.22321770257486650557 -0.86854599149560807181 -0.40245281802772614466 0.5884238537652912715 -0.24451566660132217912 0.93843222084874233779 -0.71629590083018968016 0.16828262153806861079 -0.81190561282266715537 0.50737500500499943534 
0.22402525795857797242 0.63365514879477013999 0.056113973326559651866 0.6545617760868254198 -0.019501278061947457942 -0.2270995479247589488 0.97079421536540411175 -0.21709179650581500454 0.54787433979213284729 0.6548296680638647782 
-0.45258093679142608057 -0.83417441231472178043 0.42114117206689405393 -0.12997770666002428364 -0.15837016353007959957 0.21315504823323583317 0.30841323337649528824 -0.86896845880763429193 -0.020911963124395360758 0.094816942388369129802 
0.97684603131045011359 -0.87204008032188284893 0.92266134822926071379 -0.48304009927373381394 -0.75139158245907877731 0.20383316163166509405 
-0.54592824405947459887 0.37481290059195626618 -0.67583109646633476864 -0.85914065800419170404 0.3643502034615513363 0.90193026027338341066 
1.0395205696308797982 2.0999565345627524415 -1.1300226225866210061 -2.2290035230149092271 0.9291125214660962417 -0.26585586844672148832 
-0.23693292309319691213 0.2847664788443535766 0.60344163808572615082 -0.91390268704486177231 -0.84732185108416779862 0.49377010804266063815 
-0.33777774929587844888 0.22021870779374563831 -0.99400810856058607889 -0.15545565930012039679 -0.1625042925476746225 -0.17700868773333922057 
0.35036829603573926839 0.90848299192643700017 -0.6159265838719487629 0.60983948098727602805 0.61796568614771896222 0.64063550919260414673 
-0.14661080726847453004 0.28870460916818219133 0.74905048464891876847 0.56153963527034589376 -0.80199220420816430543 -0.15891638851484124473 
-0.92829845842107727716 -0.26468600057533397951 0.14403995902797928075 0.41103893729004270519 0.79242715593178192357 0.28528807133425337916 
-0.78362748601518716907 0.75777210266223882229 0.053328608076037342656 0.1994129341144770251 0.75725686806224001835 -0.53602044433079298891 
0.058419912605769619418 -0.077824764224384668232 -0.46888331213194955893 -0.15676895550792779854 0.58040274124606594519 0.13304319784156226625 
-0.26075002461689944511 0.68032386460692917396 0.86891158069817731047 0.24094705911345437599 -0.27007662508883367725 -0.88907733377530950847 







0.6254520956079999694 1.648674056642387864 -1.2596244213338740892 3.6514946709715720985 -2.89207641015990502 -0.70790673496954714672 2.7776896585269392759 2.3484815895941810737 1.2745532718041057141 1.8987338204003814113 
-0.28422580845691325369 0.29700366547257339711 -0.75548006841013592982 0.21263373593102530279 0.84746275595840203643 0.96532310986110503315 -0.45295265940043283326 0.099786554013508776961 -0.8983642347493021596 -0.27582064409272277761 
0.10039861320779319698 -0.52298147424838092867 -0.83544565235476397902 -0.98692827625940515723 -0.46077233112101656509 0.89221728645308240324 0.89823380230631344467 -0.71202129620486342976 0.39949143933830089104 -0.42091328746785516834 
0.33039906559489029547 0.30533340921767138099 0.31321395430634502155 -0.25521083631196594954 -0.2610405921189379308 0.56999908376420660439 0.77507923103429288147 -0.87936898780275063459 -0.82406652123918378017 0.28826000478141322603 
-0.99471997877413920186 -0.94471696017363948616 -0.56221054870824205274 0.78378141020242475534 0.83705234246219473171 0.87883278086832872233 0.45548690841382510897 -0.65950789513296004252 -0.20940001640453742571 0.30661319392444075227 
-0.26546338135581637463 -0.040505057562025825746 0.6959413792159647727 -0.071421806872843718317 -0.80072720768800031976 -0.073684306325822790384 -0.81137630780294389687 -0.97098327543934248585 0.67909982689891390528 -0.44906936950099185513 
0.12165894535983090563 -0.23539570848849045159 0.32570478282602066677 0.40195886504217082091 -0.70466433700044928123 0.94286498777732341559 -0.63469973220185438301 -0.44118363425190687543 0.72689834587325319326 0.4564172124150687182 
0.62282677471945779857 -0.58576296528905991146 0.74748165988266901394 0.72423478140051167351 -0.55064330334747801921 -0.996495797541696815 0.77979511219390751364 0.57882449695322835126 -0.28608217756994258618 -0.89471175966461102824 
0.95037128888568234153 0.41236822001445005981 -0.97854164818710220874 -0.76790933937029515199 0.25545204181775749142 0.19718032978683996959 0.59757868204234054765 -0.81185233655777877537 -0.3015961857939263302 -0.73060097319112615732 
-0.83706249267584187379 0.41473949591818337623 -0.72903799349505638006 -0.19651097841823439438 -0.96858027030222215714 -0.44924520493895458984 -0.20249528862403309848 -0.18753818310108549827 -0.19841922081639007391 0.17441395540654580643 
-0.64001386446973707045 0.71568073091360573379 -0.68419342223191759178 -0.93527615871335090247 0.54849316827321992207 -0.44398115028327145293 -0.9272453781631351255 0.96831732572910134138 -0.2962686030374196422 -0.72841240548735564087 
-0.16339788154704637524 -0.99284204909796303085 -0.88750380804302475557 0.51008305957705535327 -0.87579999428422261598 -0.96546426545046593048 -0.31948476017250238002 -0.77993059659272834239 0.47148698301659286436 -0.30654219115191605471 
0.95922864631019022497 0.75717866856653293084 0.66004606018264699863 0.1583493473900661197 -0.93785150808783701581 0.43711376621215225491 0.021898473464006418254 -0.76993455115351372431 0.070422271961409821373 0.96925533326109425403 
0.86777211669682530193 0.7489132508227018814 0.33153972151598409823 -0.044241859279823270157 0.85003983182479569969 0.20867657827039964857 0.44929908534644735774 -0.98335352927326225014 -0.78466774933611938003 -0.075185904911240664106 
0.48254728442841021696 0.68938883323745825393 0.1151096675289469129 0.41966184144801532696 0.80319666099697073491 0.73769960833667092004 0.55737544713891473691 -0.57433430094878779038 -0.8338039545410698139 -0.24886004842874021037 
-0.32791564173502485424 0.90850461774876012377 0.94206907025609654127 -0.26637840172281190831 0.76145239236273698502 0.19751086808129714179 0.36160239048205222723 -0.99775611299492794615 0.71702173584023376485 -0.45815844489228774172 
-0.80677993877450671079 -0.44507475671612206636 0.098944883478211842487 -0.27373459598833693729 -0.99927172514830653327 -0.080808836532753614001 -0.44332590907488689247 0.72339802038744838164 0.12131031487361076948 -0.77881230762132880319 
0.64546246041909305369 0.93366975424145848272 -0.95524926276067501085 0.89588032919948124011 -0.3164935782980389245 -0.5383513590168980123 -0.54735692170027427927 0.36773307216325545888 0.40485652793755444456 0.34942451628601034486 
-1.0570956139195162304 0.079098702346307447897 0.072881526009663022414 -0.96659407748620607137 -0.6874435839229549039 -0.20114790381234198824 0.057733250588895196342 0.88404113789135307933 1.639081872031165954 2.3308581189054402572 
0.04833413301362687875 -0.79575764970300244538 0.58604484480910246091 -0.32134101064025089034 -0.052542945727025558433 0.75814063675089693461 0.068934637374911789109 -0.051443527733428418003 0.85452814214055838882 0.2662981637718162542 
0.76123515433272848085 -0.75303394528231559768 0.55531409237690110281 -0.43200613994466019463 -0.40682475315955657358 -0.018669515963428917615 0.20335551662108719562 -0.19182915815222145728 0.66165873294519372827 0.93037486945201441912 
0.6632091462698328499 0.47638588353255673091 0.39972445874122364273 -0.65231590580706588778 -0.32221564486887355194 -0.073462804704360840091 0.3755369854917181005 -0.43115055870445817554 -0.60307914084871205862 -0.45385128765293758502 
0.66230400919252518932 0.78491154069729129894 -0.19562718363503883712 0.29449395277548084948 -0.95363837043432797547 -0.78702001797900444924 -0.053487485701948389583 -0.39960088330585041838 -0.2927256092878514071 0.85039552963624065463 
0.56266505081213091799 -0.84299244321335642383 0.56650088052738900579 -0.28622088231127762459 -0.95045365953811578041 -0.87274366967982197618 0.72573860819268420919 -0.98528759393336440287 -0.7193013595908441804 -0.65230345038683534842 
-0.23809868918129961646 -0.25417029601931606653 -0.65914612051213483657 -0.97450787093557023066 0.78235903222841440829 -0.68486080932697768198 -0.26600327310061744335 0.65004224960019807433 0.98730408117702950221 -0.30930523752585770136 
-0.22321770257486650557 -0.86854599149560807181 -0.40245281802772614466 0.5884238537652912715 -0.24451566660132217912 0.93843222084874233779 -0.71629590083018968016 0.16828262153806861079 -0.81190561282266715537 0.50737500500499943534 
0.22402525795857797242 0.63365514879477013999 0.056113973326559651866 0.6545617760868254198 -0.019501278061947457942 -0.2270995479247589488 0.97079421536540411175 -0.21709179650581500454 0.54787433979213284729 0.6548296680638647782 
-0.45258093679142608057 -0.83417441231472178043 0.42114117206689405393 -0.12997770666002428364 -0.15837016353007959957 0.21315504823323583317 0.30841323337649528824 -0.86896845880763429193 -0.020911963124395360758 0.094816942388369129802 
0.97684603131045011359 -0.87204008032188284893 0.92266134822926071379 -0.48304009927373381394 -0.75139158245907877731 0.20383316163166509405 
-0.54592824405947459887 0.37481290059195626618 -0.67583109646633476864 -0.85914065800419170404 0.3643502034615513363 0.90193026027338341066 
1.8809929144132659928 1.4569711126106716925 -0.43843434804576530972 -1.2822149550006598506 0.52213194675317819993 0.049580919540459469919 
-0.23693292309319691213 0.2847664788443535766 0.60344163808572615082 -0.91390268704486177231 -0.84732185108416779862 0.49377010804266063815 
-0.33777774929587844888 0.22021870779374563831 -0.99400810856058607889 -0.15545565930012039679 -0.1625042925476746225 -0.17700868773333922057 
0.35036829603573926839 0.90848299192643700017 -0.6159265838719487629 0.60983948098727602805 0.61796568614771896222 0.64063550919260414673 
-0.14661080726847453004 0.28870460916818219133 0.74905048464891876847 0.56153963527034589376 -0.80199220420816430543 -0.15891638851484124473 
-0.92829845842107727716 -0.26468600057533397951 0.14403995902797928075 0.41103893729004270519 0.79242715593178192357 0.28528807133425337916 
-0.78362748601518716907 0.75777210266223882229 0.053328608076037342656 0.1994129341144770251 0.75725686806224001835 -0.53602044433079298891 
0.058419912605769619418 -0.077824764224384668232 -0.46888331213194955893 -0.15676895550792779854 0.58040274124606594519 0.13304319784156226625 
-0.26075002461689944511 0.68032386460692917396 0.86891158069817731047 0.24094705911345437599 -0.27007662508883367725 -0.88907733377530950847 







-0.96248616608457737698 1.4491738212806675179 -0.47894931409170932168 4.8729238522285927004 -1.9698339026735647295 -2.1339327270959147498 2.7365842992378230925 2.1393897032290172255 1.2681726333561365028 2.9673287892745423555 
-0.28422580845691325369 0.29700366547257339711 -0.75548006841013592982 0.21263373593102530279 0.84746275595840203643 0.96532310986110503315 -0.45295265940043283326 0.099786554013508776961 -0.8983642347493021596 -0.27582064409272277761 
0.10039861320779319698 -0.52298147424838092867 -0.83544565235476397902 -0.98692827625940515723 -0.46077233112101656509 0.89221728645308240324 0.89823380230631344467 -0.71202129620486342976 0.39949143933830089104 -0.42091328746785516834 
0.33039906559489029547 0.30533340921767138099 0.31321395430634502155 -0.25521083631196594954 -0.2610405921189379308 0.56999908376420660439 0.77507923103429288147 -0.87936898780275063459 -0.82406652123918378017 0.28826000478141322603 
-0.99471997877413920186 -0.94471696017363948616 -0.56221054870824205274 0.78378141020242475534 0.83705234246219473171 0.87883278086832872233 0.45548690841382510897 -0.65950789513296004252 -0.20940001640453742571 0.30661319392444075227 
-0.26546338135581637463 -0.040505057562025825746 0.6959413792159647727 -0.071421806872843718317 -0.80072720768800031976 -0.073684306325822790384 -0.81137630780294389687 -0.97098327543934248585 0.67909982689891390528 -0.44906936950099185513 
0.12165894535983090563 -0.23539570848849045159 0.32570478282602066677 0.40195886504217082091 -0.70466433700044928123 0.94286498777732341559 -0.63469973220185438301 -0.44118363425190687543 0.72689834587325319326 0.4564172124150687182 
0.62282677471945779857 -0.58576296528905991146 0.74748165988266901394 0.72423478140051167351 -0.55064330334747801921 -0.996495797541696815 0.77979511219390751364 0.57882449695322835126 -0.28608217756994258618 -0.89471175966461102824 
0.95037128888568234153 0.41236822001445005981 -0.97854164818710220874 -0.76790933937029515199 0.25545204181775749142 0.19718032978683996959 0.59757868204234054765 -0.81185233655777877537 -0.3015961857939263302 -0.73060097319112615732 
-0.83706249267584187379 0.41473949591818337623 -0.72903799349505638006 -0.19651097841823439438 -0.96858027030222215714 -0.44924520493895458984 -0.20249528862403309848 -0.18753818310108549827 -0.19841922081639007391 0.17441395540654580643 
-0.64001386446973707045 0.71568073091360573379 -0.68419342223191759178 -0.93527615871335090247 0.54849316827321992207 -0.44398115028327145293 -0.9272453781631351255 0.96831732572910134138 -0.2962686030374196422 -0.72841240548735564087 
-0.16339788154704637524 -0.99284204909796303085 -0.88750380804302475557 0.51008305957705535327 -0.87579999428422261598 -0.96546426545046593048 -0.31948476017250238002 -0.77993059659272834239 0.47148698301659286436 -0.30654219115191605471 
0.95922864631019022497 0.75717866856653293084 0.66004606018264699863 0.1583493473900661197 -0.93785150808783701581 0.43711376621215225491 0.021898473464006418254 -0.76993455115351372431 0.070422271961409821373 0.96925533326109425403 
0.86777211669682530193 0.7489132508227018814 0.33153972151598409823 -0.044241859279823270157 0.85003983182479569969 0.20867657827039964857 0.44929908534644735774 -0.98335352927326225014 -0.78466774933611938003 -0.075185904911240664106 
0.48254728442841021696 0.68938883323745825393 0.1151096675289469129 0.41966184144801532696 0.80319666099697073491 0.73769960833667092004 0.55737544713891473691 -0.57433430094878779038 -0.8338039545410698139 -0.24886004842874021037 
-0.32791564173502485424 0.90850461774876012377 0.94206907025609654127 -0.26637840172281190831 0.76145239236273698502 0.19751086808129714179 0.36160239048205222723 -0.99775611299492794615 0.71702173584023376485 -0.45815844489228774172 
-0.80677993877450671079 -0.44507475671612206636 0.098944883478211842487 -0.27373459598833693729 -0.99927172514830653327 -0.080808836532753614001 -0.44332590907488689247 0.72339802038744838164 0.12131031487361076948 -0.77881230762132880319 
0.64546246041909305369 0.93366975424145848272 -0.95524926276067501085 0.89588032919948124011 -0.3164935782980389245 -0.5383513590168980123 -0.54735692170027427927 0.36773307216325545888 0.40485652793755444456 0.34942451628601034486 
-1.7123503370856312245 -0.88661137208197737802 -0.60800700136752539038 -0.70421373444438373213 -1.3412331947194671145 -1.3165450545397319182 0.19327440390990696661 1.432607941973857768 0.71559595310228207854 1.8813078742746449645 
0.04833413301362687875 -0.79575764970300244538 0.58604484480910246091 -0.32134101064025089034 -0.052542945727025558433 0.75814063675089693461 0.068934637374911789109 -0.051443527733428418003 0.85452814214055838882 0.2662981637718162542 
0.76123515433272848085 -0.75303394528231559768 0.55531409237690110281 -0.43200613994466019463 -0.40682475315955657358 -0.018669515963428917615 0.20335551662108719562 -0.19182915815222145728 0.66165873294519372827 0.93037486945201441912 
0.6632091462698328499 0.47638588353255673091 0.39972445874122364273 -0.65231590580706588778 -0.32221564486887355194 -0.073462804704360840091 0.3755369854917181005 -0.43115055870445817554 -0.60307914084871205862 -0.45385128765293758502 
0.66230400919252518932 0.78491154069729129894 -0.19562718363503883712 0.29449395277548084948 -0.95363837043432797547 -0.78702001797900444924 -0.053487485701948389583 -0.39960088330585041838 -0.2927256092878514071 0.85039552963624065463 
0.56266505081213091799 -0.84299244321335642383 0.56650088052738900579 -0.28622088231127762459 -0.95045365953811578041 -0.87274366967982197618 0.72573860819268420919 -0.98528759393336440287 -0.7193013595908441804 -0.65230345038683534842 
-0.23809868918129961646 -0.25417029601931606653 -0.65914612051213483657 -0.97450787093557023066 0.78235903222841440829 -0.68486080932697768198 -0.26600327310061744335 0.65004224960019807433 0.98730408117702950221 -0.30930523752585770136 
-0.22321770257486650557 -0.86854599149560807181 -0.40245281802772614466 0.5884238537652912715 -0.24451566660132217912 0.93843222084874233779 -0.71629590083018968016 0.16828262153806861079 -0.81190561282266715537 0.50737500500499943534 
0.22402525795857797242 0.63365514879477013999 0.056113973326559651866 0.6545617760868254198 -0.019501278061947457942 -0.2270995479247589488 0.97079421536540411175 -0.21709179650581500454 0.54787433979213284729 0.6548296680638647782 
-0.45258093679142608057 -0.83417441231472178043 0.42114117206689405393 -0.12997770666002428364 -0.15837016353007959957 0.21315504823323583317 0.30841323337649528824 -0.86896845880763429193 -0.020911963124395360758 0.094816942388369129802 
0.97684603131045011359 -0.87204008032188284893 0.92266134822926071379 -0.48304009927373381394 -0.75139158245907877731 0.20383316163166509405 
-0.54592824405947459887 0.37481290059195626618 -0.67583109646633476864 -0.85914065800419170404 0.3643502034615513363 0.90193026027338341066 
1.8362399451894249047 0.67076931569852304982 -1.3745665292289899195 -2.1949672442028660413 0.52213194675317819993 -0.51817470998648496039 
-0.23693292309319691213 0.2847664788443535766 0.60344163808572615082 -0.91390268704486177231 -0.84732185108416779862 0.49377010804266063815 
-0.33777774929587844888 0.22021870779374563831 -0.99400810856058607889 -0.15545565930012039679 -0.1625042925476746225 -0.17700868773333922057 
0.35036829603573926839 0.90848299192643700017 -0.6159265838719487629 0.60983948098727602805 0.61796568614771896222 0.64063550919260414673 
-0.14661080726847453004 0.28870460916818219133 0.74905048464891876847 0.56153963527034589376 -0.80199220420816430543 -0.15891638851484124473 
-0.92829845842107727716 -0.26468600057533397951 0.14403995902797928075 0.41103893729004270519 0.79242715593178192357 0.28528807133425337916 
-0.78362748601518716907 0.75777210266223882229 0.053328608076037342656 0.1994129341144770251 0.75725686806224001835 -0.53602044433079298891 
0.058419912605769619418 -0.077824764224384668232 -0.46888331213194955893 -0.15676895550792779854 0.58040274124606594519 0.13304319784156226625 
-0.26075002461689944511 0.68032386460692917396 0.86891158069817731047 0.24094705911345437599 -0.27007662508883367725 -0.88907733377530950847 







0.67952004989279402025 3.0955172839240079341 -1.0918800720523935688 3.835308632789257377 -2.277806459577264242 -0.050646780243721822856 2.7510320405631727425 4.1913870597649580674 2.146119486438859969 1.8987338204003814113 
-0.28422580845691325369 0.29700366547257339711 -0.75548006841013592982 0.21263373593102530279 0.84746275595840203643 0.96532310986110503315 -0.45295265940043283326 0.099786554013508776961 -0.8983642347493021596 -0.27582064409272277761 
0.10039861320779319698 -0.52298147424838092867 -0.83544565235476397902 -0.98692827625940515723 -0.46077233112101656509 0.89221728645308240324 0.89823380230631344467 -0.71202129620486342976 0.39949143933830089104 -0.42091328746785516834 
0.33039906559489029547 0.30533340921767138099 0.31321395430634502155 -0.25521083631196594954 -0.2610405921189379308 0.56999908376420660439 0.77507923103429288147 -0.87936898780275063459 -0.82406652123918378017 0.28826000478141322603 
-0.99471997877413920186 -0.94471696017363948616 -0.56221054870824205274 0.78378141020242475534 0.83705234246219473171 0.87883278086832872233 0.45548690841382510897 -0.65950789513296004252 -0.20940001640453742571 0.30661319392444075227 
-0.26546338135581637463 -0.040505057562025825746 0.6959413792159647727 -0.071421806872843718317 -0.80072720768800031976 -0.073684306325822790384 -0.81137630780294389687 -0.97098327543934248585 0.67909982689891390528 -0.44906936950099185513 
0.12165894535983090563 -0.23539570848849045159 0.32570478282602066677 0.40195886504217082091 -0.70466433700044928123 0.94286498777732341559 -0.63469973220185438301 -0.44118363425190687543 0.72689834587325319326 0.4564172124150687182 
0.62282677471945779857 -0.58576296528905991146 0.74748165988266901394 0.72423478140051167351 -0.55064330334747801921 -0.996495797541696815 0.77979511219390751364 0.57882449695322835126 -0.28608217756994258618 -0.89471175966461102824 
0.95037128888568234153 0.41236822001445005981 -0.97854164818710220874 -0.76790933937029515199 0.25545204181775749142 0.19718032978683996959 0.59757868204234054765 -0.81185233655777877537 -0.3015961857939263302 -0.73060097319112615732 
-0.83706249267584187379 0.41473949591818337623 -0.72903799349505638006 -0.19651097841823439438 -0.96858027030222215714 -0.44924520493895458984 -0.20249528862403309848 -0.18753818310108549827 -0.19841922081639007391 0.17441395540654580643 
-0.64001386446973707045 0.71568073091360573379 -0.68419342223191759178 -0.93527615871335090247 0.54849316827321992207 -0.44398115028327145293 -0.9272453781631351255 0.96831732572910134138 -0.2962686030374196422 -0.72841240548735564087 
-0.16339788154704637524 -0.99284204909796303085 -0.88750380804302475557 0.51008305957705535327 -0.87579999428422261598 -0.96546426545046593048 -0.31948476017250238002 -0.77993059659272834239 0.47148698301659286436 -0.30654219115191605471 
0.95922864631019022497 0.75717866856653293084 0.66004606018264699863 0.1583493473900661197 -0.93785150808783701581 0.43711376621215225491 0.021898473464006418254 -0.76993455115351372431 0.070422271961409821373 0.96925533326109425403 
0.86777211669682530193 0.7489132508227018814 0.33153972151598409823 -0.044241859279823270157 0.85003983182479569969 0.20867657827039964857 0.44929908534644735774 -0.98335352927326225014 -0.78466774933611938003 -0.075185904911240664106 
0.48254728442841021696 0.68938883323745825393 0.1151096675289469129 0.41966184144801532696 0.80319666099697073491 0.73769960833667092004 0.55737544713891473691 -0.57433430094878779038 -0.8338039545410698139 -0.24886004842874021037 
-0.32791564173502485424 0.90850461774876012377 0.94206907025609654127 -0.26637840172281190831 0.76145239236273698502 0.19751086808129714179 0.36160239048205222723 -0.99775611299492794615 0.71702173584023376485 -0.45815844489228774172 
-0.80677993877450671079 -0.44507475671612206636 0.098944883478211842487 -0.27373459598833693729 -0.99927172514830653327 -0.080808836532753614001 -0.44332590907488689247 0.72339802038744838164 0.12131031487361076948 -0.77881230762132880319 
0.64546246041909305369 0.93366975424145848272 -0.95524926276067501085 0.89588032919948124011 -0.3164935782980389245 -0.5383513590168980123 -0.54735692170027427927 0.36773307216325545888 0.40485652793755444456 0.34942451628601034486 
-0.66536264349094320636 -0.078701117203412995771 0.57081872640992281642 0.098797699194939941902 -1.1968030336811765757 -0.20114790381234198824 -0.14316487588040710532 1.2870345427460128107 1.3406280847966978165 2.8624766249096968984 
0.04833413301362687875 -0.79575764970300244538 0.58604484480910246091 -0.32134101064025089034 -0.052542945727025558433 0.75814063675089693461 0.068934637374911789109 -0.051443527733428418003 0.85452814214055838882 0.2662981637718162542 
0.76123515433272848085 -0.75303394528231559768 0.55531409237690110281 -0.43200613994466019463 -0.40682475315955657358 -0.018669515963428917615 0.20335551662108719562 -0.19182915815222145728 0.66165873294519372827 0.93037486945201441912 
0.6632091462698328499 0.47638588353255673091 0.39972445874122364273 -0.65231590580706588778 -0.32221564486887355194 -0.073462804704360840091 0.3755369854917181005 -0.43115055870445817554 -0.60307914084871205862 -0.45385128765293758502 
0.66230400919252518932 0.78491154069729129894 -0.19562718363503883712 0.29449395277548084948 -0.95363837043432797547 -0.78702001797900444924 -0.053487485701948389583 -0.39960088330585041838 -0.2927256092878514071 0.85039552963624065463 
0.56266505081213091799 -0.84299244321335642383 0.56650088052738900579 -0.28622088231127762459 -0.95045365953811578041 -0.87274366967982197618 0.72573860819268420919 -0.98528759393336440287 -0.7193013595908441804 -0.65230345038683534842 
-0.23809868918129961646 -0.25417029601931606653 -0.65914612051213483657 -0.97450787093557023066 0.78235903222841440829 -0.68486080932697768198 -0.26600327310061744335 0.65004224960019807433 0.98730408117702950221 -0.30930523752585770136 
-0.22321770257486650557 -0.86854599149560807181 -0.40245281802772614466 0.5884238537652912715 -0.24451566660132217912 0.93843222084874233779 -0.71629590083018968016 0.16828262153806861079 -0.81190561282266715537 0.50737500500499943534 
0.22402525795857797242 0.63365514879477013999 0.056113973326559651866 0.6545617760868254198 -0.019501278061947457942 -0.2270995479247589488 0.97079421536540411175 -0.21709179650581500454 0.54787433979213284729 0.6548296680638647782 
-0.45258093679142608057 -0.83417441231472178043 0.42114117206689405393 -0.12997770666002428364 -0.15837016353007959957 0.21315504823323583317 0.30841323337649528824 -0.86896845880763429193 -0.020911963124395360758 0.094816942388369129802 
0.97684603131045011359 -0.87204008032188284893 0.92266134822926071379 -0.48304009927373381394 -0.75139158245907877731 0.20383316163166509405 
-0.54592824405947459887 0.37481290059195626618 -0.67583109646633476864 -0.85914065800419170404 0.3643502034615513363 0.90193026027338341066 
0.8822473256616329973 0.60464680313049012916 -1.7111909413783275014 -2.5379099597691681112 0.81912063089160058738 -0.51817470998648496039 
-0.23693292309319691213 0.2847664788443535766 0.60344163808572615082 -0.91390268704486177231 -0.84732185108416779862 0.49377010804266063815 
-0.33777774929587844888 0.22021870779374563831 -0.99400810856058607889 -0.15545565930012039679 -0.1625042925476746225 -0.17700868773333922057 
0.35036829603573926839 0.90848299192643700017 -0.6159265838719487629 0.60983948098727602805 0.61796568614771896222 0.64063550919260414673 
-0.14661080726847453004 0.28870460916818219133 0.74905048464891876847 0.56153963527034589376 -0.80199220420816430543 -0.15891638851484124473 
-0.92829845842107727716 -0.26468600057533397951 0.14403995902797928075 0.41103893729004270519 0.79242715593178192357 0.28528807133425337916 
-0.78362748601518716907 0.75777210266223882229 0.053328608076037342656 0.1994129341144770251 0.75725686806224001835 -0.53602044433079298891 
0.058419912605769619418 -0.077824764224384668232 -0.46888331213194955893 -0.15676895550792779854 0.58040274124606594519 0.13304319784156226625 
-0.26075002461689944511 0.68032386460692917396 0.86891158069817731047 0.24094705911345437599 -0.27007662508883367725 -0.88907733377530950847 







0.6254520956079999694 1.8566998588102030521 -0.23005174385257576297 3.7385062996647415723 -2.3802892755557483184 -0.35650080133375572355 2.7510320405631727425 3.3336683850970310061 3.1362306951958123236 1.8987338204003814113 
-0.28422580845691325369 0.29700366547257339711 -0.75548006841013592982 0.21263373593102530279 0.84746275595840203643 0.96532310986110503315 -0.45295265940043283326 0.099786554013508776961 -0.8983642347493021596 -0.27582064409272277761 
0.10039861320779319698 -0.52298147424838092867 -0.83544565235476397902 -0.98692827625940515723 -0.46077233112101656509 0.89221728645308240324 0.89823380230631344467 -0.71202129620486342976 0.39949143933830089104 -0.42091328746785516834 
0.33039906559489029547 0.30533340921767138099 0.31321395430634502155 -0.25521083631196594954 -0.2610405921189379308 0.56999908376420660439 0.77507923103429288147 -0.87936898780275063459 -0.82406652123918378017 0.28826000478141322603 
-0.99471997877413920186 -0.94471696017363948616 -0.56221054870824205274 0.78378141020242475534 0.83705234246219473171 0.87883278086832872233 0.45548690841382510897 -0.65950789513296004252 -0.20940001640453742571 0.30661319392444075227 
-0.26546338135581637463 -0.040505057562025825746 0.6959413792159647727 -0.071421806872843718317 -0.80072720768800031976 -0.073684306325822790384 -0.81137630780294389687 -0.97098327543934248585 0.67909982689891390528 -0.44906936950099185513 
0.12165894535983090563 -0.23539570848849045159 0.32570478282602066677 0.40195886504217082091 -0.70466433700044928123 0.94286498777732341559 -0.63469973220185438301 -0.44118363425190687543 0.72689834587325319326 0.4564172124150687182 
0.62282677471945779857 -0.58576296528905991146 0.74748165988266901394 0.72423478140051167351 -0.55064330334747801921 -0.996495797541696815 0.77979511219390751364 0.57882449695322835126 -0.28608217756994258618 -0.89471175966461102824 
0.95037128888568234153 0.41236822001445005981 -0.97854164818710220874 -0.76790933937029515199 0.25545204181775749142 0.19718032978683996959 0.59757868204234054765 -0.81185233655777877537 -0.3015961857939263302 -0.73060097319112615732 
-0.83706249267584187379 0.41473949591818337623 -0.72903799349505638006 -0.19651097841823439438 -0.96858027030222215714 -0.44924520493895458984 -0.20249528862403309848 -0.18753818310108549827 -0.19841922081639007391 0.17441395540654580643 
-0.64001386446973707045 0.71568073091360573379 -0.68419342223191759178 -0.93527615871335090247 0.54849316827321992207 -0.44398115028327145293 -0.9272453781631351255 0.96831732572910134138 -0.2962686030374196422 -0.72841240548735564087 
-0.16339788154704637524 -0.99284204909796303085 -0.88750380804302475557 0.51008305957705535327 -0.87579999428422261598 -0.96546426545046593048 -0.31948476017250238002 -0.77993059659272834239 0.47148698301659286436 -0.30654219115191605471 
0.95922864631019022497 0.75717866856653293084 0.66004606018264699863 0.1583493473900661197 -0.93785150808783701581 0.43711376621215225491 0.021898473464006418254 -0.76993455115351372431 0.070422271961409821373 0.96925533326109425403 
0.86777211669682530193 0.7489132508227018814 0.33153972151598409823 -0.044241859279823270157 0.85003983182479569969 0.20867657827039964857 0.44929908534644735774 -0.98335352927326225014 -0.78466774933611938003 -0.075185904911240664106 
0.48254728442841021696 0.68938883323745825393 0.1151096675289469129 0.41966184144801532696 0.80319666099697073491 0.73769960833667092004 0.55737544713891473691 -0.57433430094878779038 -0.8338039545410698139 -0.24886004842874021037 
-0.32791564173502485424 0.90850461774876012377 0.94206907025609654127 -0.26637840172281190831 0.76145239236273698502 0.19751086808129714179 0.36160239048205222723 -0.99775611299492794615 0.71702173584023376485 -0.45815844489228774172 
-0.80677993877450671079 -0.44507475671612206636 0.098944883478211842487 -0.27373459598833693729 -0.99927172514830653327 -0.080808836532753614001 -0.44332590907488689247 0.72339802038744838164 0.12131031487361076948 -0.77881230762132880319 
0.64546246041909305369 0.93366975424145848272 -0.95524926276067501085 0.89588032919948124011 -0.3164935782980389245 -0.5383513590168980123 -0.54735692170027427927 0.36773307216325545888 0.40485652793755444456 0.34942451628601034486 
0.067637584096469860473 0.368179926788339551 -0.56836542905336040477 -0.44283780604466899122 -0.53456272859605102887 -1.2476773247534427291 -0.14289708846557680477 1.1471247448234911381 1.4444503945476743212 2.2354666798576956488 
0.04833413301362687875 -0.79575764970300244538 0.58604484480910246091 -0.32134101064025089034 -0.052542945727025558433 0.75814063675089693461 0.068934637374911789109 -0.051443527733428418003 0.85452814214055838882 0.2662981637718162542 
0.76123515433272848085 -0.75303394528231559768 0.55531409237690110281 -0.43200613994466019463 -0.40682475315955657358 -0.018669515963428917615 0.20335551662108719562 -0.19182915815222145728 0.66165873294519372827 0.93037486945201441912 
0.6632091462698328499 0.47638588353255673091 0.39972445874122364273 -0.65231590580706588778 -0.32221564486887355194 -0.073462804704360840091 0.3755369854917181005 -0.43115055870445817554 -0.60307914084871205862 -0.45385128765293758502 
0.66230400919252518932 0.78491154069729129894 -0.19562718363503883712 0.29449395277548084948 -0.95363837043432797547 -0.78702001797900444924 -0.053487485701948389583 -0.39960088330585041838 -0.2927256092878514071 0.85039552963624065463 
0.56266505081213091799 -0.84299244321335642383 0.56650088052738900579 -0.28622088231127762459 -0.95045365953811578041 -0.87274366967982197618 0.72573860819268420919 -0.98528759393336440287 -0.7193013595908441804 -0.65230345038683534842 
-0.23809868918129961646 -0.25417029601931606653 -0.65914612051213483657 -0.97450787093557023066 0.78235903222841440829 -0.68486080932697768198 -0.26600327310061744335 0.65004224960019807433 0.98730408117702950221 -0.30930523752585770136 
-0.22321770257486650557 -0.86854599149560807181 -0.40245281802772614466 0.5884238537652912715 -0.24451566660132217912 0.93843222084874233779 -0.71629590083018968016 0.16828262153806861079 -0.81190561282266715537 0.50737500500499943534 
0.22402525795857797242 0.63365514879477013999 0.056113973326559651866 0.6545617760868254198 -0.019501278061947457942 -0.2270995479247589488 0.97079421536540411175 -0.21709179650581500454 0.54787433979213284729 0.6548296680638647782 
-0.45258093679142608057 -0.83417441231472178043 0.42114117206689405393 -0.12997770666002428364 -0.15837016353007959957 0.21315504823323583317 0.30841323337649528824 -0.86896845880763429193 -0.020911963124395360758 0.094816942388369129802 
0.97684603131045011359 -0.87204008032188284893 0.92266134822926071379 -0.48304009927373381394 -0.75139158245907877731 0.20383316163166509405 
-0.54592824405947459887 0.37481290059195626618 -0.67583109646633476864 -0.85914065800419170404 0.3643502034615513363 0.90193026027338341066 
1.2091839494641178909 0.81041719321706928714 -1.4710318767722583289 -2.1949672442028660413 0.34939676471879199671 -0.51817470998648496039 
-0.23693292309319691213 0.2847664788443535766 0.60344163808572615082 -0.91390268704486177231 -0.84732185108416779862 0.49377010804266063815 
-0.33777774929587844888 0.22021870779374563831 -0.99400810856058607889 -0.15545565930012039679 -0.1625042925476746225 -0.17700868773333922057 
0.35036829603573926839 0.90848299192643700017 -0.6159265838719487629 0.60983948098727602805 0.61796568614771896222 0.64063550919260414673 
-0.14661080726847453004 0.28870460916818219133 0.74905048464891876847 0.56153963527034589376 -0.80199220420816430543 -0.15891638851484124473 
-0.92829845842107727716 -0.26468600057533397951 0.14403995902797928075 0.41103893729004270519 0.79242715593178192357 0.28528807133425337916 
-0.78362748601518716907 0.75777210266223882229 0.053328608076037342656 0.1994129341144770251 0.75725686806224001835 -0.53602044433079298891 
0.058419912605769619418 -0.077824764224384668232 -0.46888331213194955893 -0.15676895550792779854 0.58040274124606594519 0.13304319784156226625 
-0.26075002461689944511 0.68032386460692917396 0.86891158069817731047 0.24094705911345437599 -0.27007662508883367725 -0.88907733377530950847 







0.0079203818240853873789 1.6638796932711021892 -0.6472078990818820321 4.9952463041653523135 -2.1353727783206317703 -2.1339327270959147498 2.7365842992378230925 2.1393897032290172255 1.2396519747151879542 2.364796252321120118 
-0.28422580845691325369 0.29700366547257339711 -0.75548006841013592982 0.21263373593102530279 0.84746275595840203643 0.96532310986110503315 -0.45295265940043283326 0.099786554013508776961 -0.8983642347493021596 -0.27582064409272277761 
0.10039861320779319698 -0.52298147424838092867 -0.83544565235476397902 -0.98692827625940515723 -0.46077233112101656509 0.89221728645308240324 0.89823380230631344467 -0.71202129620486342976 0.39949143933830089104 -0.42091328746785516834 
0.33039906559489029547 0.30533340921767138099 0.31321395430634502155 -0.25521083631196594954 -0.2610405921189379308 0.56999908376420660439 0.77507923103429288147 -0.87936898780275063459 -0.82406652123918378017 0.28826000478141322603 
-0.99471997877413920186 -0.94471696017363948616 -0.56221054870824205274 0.78378141020242475534 0.83705234246219473171 0.87883278086832872233 0.45548690841382510897 -0.65950789513296004252 -0.20940001640453742571 0.30661319392444075227 
-0.26546338135581637463 -0.040505057562025825746 0.6959413792159647727 -0.071421806872843718317 -0.80072720768800031976 -0.073684306325822790384 -0.81137630780294389687 -0.97098327543934248585 0.67909982689891390528 -0.44906936950099185513 
0.12165894535983090563 -0.23539570848849045159 0.32570478282602066677 0.40195886504217082091 -0.70466433700044928123 0.94286498777732341559 -0.63469973220185438301 -0.44118363425190687543 0.72689834587325319326 0.4564172124150687182 
0.62282677471945779857 -0.58576296528905991146 0.74748165988266901394 0.72423478140051167351 -0.55064330334747801921 -0.996495797541696815 0.77979511219390751364 0.57882449695322835126 -0.28608217756994258618 -0.89471175966461102824 
0.95037128888568234153 0.41236822001445005981 -0.97854164818710220874 -0.76790933937029515199 0.25545204181775749142 0.19718032978683996959 0.59757868204234054765 -0.81185233655777877537 -0.3015961857939263302 -0.73060097319112615732 
-0.83706249267584187379 0.41473949591818337623 -0.72903799349505638006 -0.19651097841823439438 -0.96858027030222215714 -0.44924520493895458984 -0.20249528862403309848 -0.18753818310108549827 -0.19841922081639007391 0.17441395540654580643 
-0.64001386446973707045 0.71568073091360573379 -0.68419342223191759178 -0.93527615871335090247 0.54849316827321992207 -0.44398115028327145293 -0.9272453781631351255 0.96831732572910134138 -0.2962686030374196422 -0.72841240548735564087 
-0.16339788154704637524 -0.99284204909796303085 -0.88750380804302475557 0.51008305957705535327 -0.87579999428422261598 -0.96546426545046593048 -0.31948476017250238002 -0.77993059659272834239 0.47148698301659286436 -0.30654219115191605471 
0.95922864631019022497 0.75717866856653293084 0.66004606018264699863 0.1583493473900661197 -0.93785150808783701581 0.43711376621215225491 0.021898473464006418254 -0.76993455115351372431 0.070422271961409821373 0.96925533326109425403 
0.86777211669682530193 0.7489132508227018814 0.33153972151598409823 -0.044241859279823270157 0.85003983182479569969 0.20867657827039964857 0.44929908534644735774 -0.98335352927326225014 -0.78466774933611938003 -0.075185904911240664106 
0.48254728442841021696 0.68938883323745825393 0.1151096675289469129 0.41966184144801532696 0.80319666099697073491 0.73769960833667092004 0.55737544713891473691 -0.57433430094878779038 -0.8338039545410698139 -0.24886004842874021037 
-0.32791564173502485424 0.90850461774876012377 0.94206907025609654127 -0.26637840172281190831 0.76145239236273698502 0.19751086808129714179 0.36160239048205222723 -0.99775611299492794615 0.71702173584023376485 -0.45815844489228774172 
-0.80677993877450671079 -0.44507475671612206636 0.098944883478211842487 -0.27373459598833693729 -0.99927172514830653327 -0.080808836532753614001 -0.44332590907488689247 0.72339802038744838164 0.12131031487361076948 -0.77881230762132880319 
0.64546246041909305369 0.93366975424145848272 -0.95524926276067501085 0.89588032919948124011 -0.3164935782980389245 -0.5383513590168980123 -0.54735692170027427927 0.36773307216325545888 0.40485652793755444456 0.34942451628601034486 
0.22810763070835915478 -0.014752987829588670721 -0.56836542905336040477 0.35921388541636706249 -0.53456272859605102887 -1.2476773247534427291 -0.14289708846557680477 1.1471247448234911381 1.4444503945476743212 2.221850961135491076 
0.04833413301362687875 -0.79575764970300244538 0.58604484480910246091 -0.32134101064025089034 -0.052542945727025558433 0.75814063675089693461 0.068934637374911789109 -0.051443527733428418003 0.85452814214055838882 0.2662981637718162542 
0.76123515433272848085 -0.75303394528231559768 0.55531409237690110281 -0.43200613994466019463 -0.40682475315955657358 -0.018669515963428917615 0.20335551662108719562 -0.19182915815222145728 0.66165873294519372827 0.93037486945201441912 
0.6632091462698328499 0.47638588353255673091 0.39972445874122364273 -0.65231590580706588778 -0.32221564486887355194 -0.073462804704360840091 0.3755369854917181005 -0.43115055870445817554 -0.60307914084871205862 -0.45385128765293758502 
0.66230400919252518932 0.78491154069729129894 -0.19562718363503883712 0.29449395277548084948 -0.95363837043432797547 -0.78702001797900444924 -0.053487485701948389583 -0.39960088330585041838 -0.2927256092878514071 0.85039552963624065463 
0.56266505081213091799 -0.84299244321335642383 0.56650088052738900579 -0.28622088231127762459 -0.95045365953811578041 -0.87274366967982197618 0.72573860819268420919 -0.98528759393336440287 -0.7193013595908441804 -0.65230345038683534842 
-0.23809868918129961646 -0.25417029601931606653 -0.65914612051213483657 -0.97450787093557023066 0.78235903222841440829 -0.68486080932697768198 -0.26600327310061744335 0.65004224960019807433 0.98730408117702950221 -0.30930523752585770136 
-0.22321770257486650557 -0.86854599149560807181 -0.40245281802772614466 0.5884238537652912715 -0.24451566660132217912 0.93843222084874233779 -0.71629590083018968016 0.16828262153806861079 -0.81190561282266715537 0.50737500500499943534 
0.22402525795857797242 0.63365514879477013999 0.056113973326559651866 0.6545617760868254198 -0.019501278061947457942 -0.2270995479247589488 0.97079421536540411175 -0.21709179650581500454 0.54787433979213284729 0.6548296680638647782 
-0.45258093679142608057 -0.83417441231472178043 0.42114117206689405393 -0.12997770666002428364 -0.15837016353007959957 0.21315504823323583317 0.30841323337649528824 -0.86896845880763429193 -0.020911963124395360758 0.094816942388369129802 
0.97684603131045011359 -0.87204008032188284893 0.92266134822926071379 -0.48304009927373381394 -0.75139158245907877731 0.20383316163166509405 
-0.54592824405947459887 0.37481290059195626618 -0.67583109646633476864 -0.85914065800419170404 0.3643502034615513363 0.90193026027338341066 
1.8164117593900219738 0.8810139324746166789 -1.1563274343031593183 -3.528095119614646169 -0.92641498094944685349 -0.53601755020514540995 
-0.23693292309319691213 0.2847664788443535766 0.60344163808572615082 -0.91390268704486177231 -0.84732185108416779862 0.49377010804266063815 
-0.33777774929587844888 0.22021870779374563831 -0.99400810856058607889 -0.15545565930012039679 -0.1625042925476746225 -0.17700868773333922057 
0.35036829603573926839 0.90848299192643700017 -0.6159265838719487629 0.60983948098727602805 0.61796568614771896222 0.64063550919260414673 
-0.14661080726847453004 0.28870460916818219133 0.74905048464891876847 0.56153963527034589376 -0.80199220420816430543 -0.15891638851484124473 
-0.92829845842107727716 -0.26468600057533397951 0.14403995902797928075 0.41103893729004270519 0.79242715593178192357 0.28528807133425337916 
-0.78362748601518716907 0.75777210266223882229 0.053328608076037342656 0.1994129341144770251 0.75725686806224001835 -0.53602044433079298891 
0.058419912605769619418 -0.077824764224384668232 -0.46888331213194955893 -0.15676895550792779854 0.58040274124606594519 0.13304319784156226625 
-0.26075002461689944511 0.68032386460692917396 0.86891158069817731047 0.24094705911345437599 -0.27007662508883367725 -0.88907733377530950847 







-1.6665265593355449436 1.2823753619127213899 -0.68721325041288561231 4.4162179273402735191 -1.5496079049722966126 -1.8008527864463734769 2.3019405193291224698 1.6471360574598206128 2.2742303196049444836 0.58146985375699855592 
-0.28422580845691325369 0.29700366547257339711 -0.75548006841013592982 0.21263373593102530279 0.84746275595840203643 0.96532310986110503315 -0.45295265940043283326 0.099786554013508776961 -0.8983642347493021596 -0.27582064409272277761 
0.10039861320779319698 -0.52298147424838092867 -0.83544565235476397902 -0.98692827625940515723 -0.46077233112101656509 0.89221728645308240324 0.89823380230631344467 -0.71202129620486342976 0.39949143933830089104 -0.42091328746785516834 
0.33039906559489029547 0.30533340921767138099 0.31321395430634502155 -0.25521083631196594954 -0.2610405921189379308 0.56999908376420660439 0.77507923103429288147 -0.87936898780275063459 -0.82406652123918378017 0.28826000478141322603 
-0.99471997877413920186 -0.94471696017363948616 -0.56221054870824205274 0.78378141020242475534 0.83705234246219473171 0.87883278086832872233 0.45548690841382510897 -0.65950789513296004252 -0.20940001640453742571 0.30661319392444075227 
-0.26546338135581637463 -0.040505057562025825746 0.6959413792159647727 -0.071421806872843718317 -0.80072720768800031976 -0.073684306325822790384 -0.81137630780294389687 -0.97098327543934248585 0.67909982689891390528 -0.44906936950099185513 
0.12165894535983090563 -0.23539570848849045159 0.32570478282602066677 0.40195886504217082091 -0.70466433700044928123 0.94286498777732341559 -0.63469973220185438301 -0.44118363425190687543 0.72689834587325319326 0.4564172124150687182 
0.62282677471945779857 -0.58576296528905991146 0.74748165988266901394 0.72423478140051167351 -0.55064330334747801921 -0.996495797541696815 0.77979511219390751364 0.57882449695322835126 -0.28608217756994258618 -0.89471175966461102824 
0.95037128888568234153 0.41236822001445005981 -0.97854164818710220874 -0.76790933937029515199 0.25545204181775749142 0.19718032978683996959 0.59757868204234054765 -0.81185233655777877537 -0.3015961857939263302 -0.73060097319112615732 
-0.83706249267584187379 0.41473949591818337623 -0.72903799349505638006 -0.19651097841823439438 -0.96858027030222215714 -0.44924520493895458984 -0.20249528862403309848 -0.18753818310108549827 -0.19841922081639007391 0.17441395540654580643 
-0.64001386446973707045 0.71568073091360573379 -0.68419342223191759178 -0.93527615871335090247 0.54849316827321992207 -0.44398115028327145293 -0.9272453781631351255 0.96831732572910134138 -0.2962686030374196422 -0.72841240548735564087 
-0.16339788154704637524 -0.99284204909796303085 -0.88750380804302475557 0.51008305957705535327 -0.87579999428422261598 -0.96546426545046593048 -0.31948476017250238002 -0.77993059659272834239 0.47148698301659286436 -0.30654219115191605471 
0.95922864631019022497 0.75717866856653293084 0.66004606018264699863 0.1583493473900661197 -0.93785150808783701581 0.43711376621215225491 0.021898473464006418254 -0.76993455115351372431 0.070422271961409821373 0.96925533326109425403 
0.86777211669682530193 0.7489132508227018814 0.33153972151598409823 -0.044241859279823270157 0.85003983182479569969 0.20867657827039964857 0.44929908534644735774 -0.98335352927326225014 -0.78466774933611938003 -0.075185904911240664106 
0.48254728442841021696 0.68938883323745825393 0.1151096675289469129 0.41966184144801532696 0.80319666099697073491 0.73769960833667092004 0.55737544713891473691 -0.57433430094878779038 -0.8338039545410698139 -0.24886004842874021037 
-0.32791564173502485424 0.90850461774876012377 0.94206907025609654127 -0.26637840172281190831 0.76145239236273698502 0.19751086808129714179 0.36160239048205222723 -0.99775611299492794615 0.71702173584023376485 -0.45815844489228774172 
-0.80677993877450671079 -0.44507475671612206636 0.098944883478211842487 -0.27373459598833693729 -0.99927172514830653327 -0.080808836532753614001 -0.44332590907488689247 0.72339802038744838164 0.12131031487361076948 -0.77881230762132880319 
0.64546246041909305369 0.93366975424145848272 -0.95524926276067501085 0.89588032919948124011 -0.3164935782980389245 -0.5383513590168980123 -0.54735692170027427927 0.36773307216325545888 0.40485652793755444456 0.34942451628601034486 
0.001136395255099786894 1.1946094920130154726 -1.7389420956497594339 -1.2794185627459424559 -1.0682228479593800508 -1.3365293676019480706 0.27298265923079217954 1.9334018312437946108 -0.37418676648536419727 2.0056727226913033668 
0.04833413301362687875 -0.79575764970300244538 0.58604484480910246091 -0.32134101064025089034 -0.052542945727025558433 0.75814063675089693461 0.068934637374911789109 -0.051443527733428418003 0.85452814214055838882 0.2662981637718162542 
0.76123515433272848085 -0.75303394528231559768 0.55531409237690110281 -0.43200613994466019463 -0.40682475315955657358 -0.018669515963428917615 0.20335551662108719562 -0.19182915815222145728 0.66165873294519372827 0.93037486945201441912 
0.6632091462698328499 0.47638588353255673091 0.39972445874122364273 -0.65231590580706588778 -0.32221564486887355194 -0.073462804704360840091 0.3755369854917181005 -0.43115055870445817554 -0.60307914084871205862 -0.45385128765293758502 
0.66230400919252518932 0.78491154069729129894 -0.19562718363503883712 0.29449395277548084948 -0.95363837043432797547 -0.78702001797900444924 -0.053487485701948389583 -0.39960088330585041838 -0.2927256092878514071 0.85039552963624065463 
0.56266505081213091799 -0.84299244321335642383 0.56650088052738900579 -0.28622088231127762459 -0.95045365953811578041 -0.87274366967982197618 0.72573860819268420919 -0.98528759393336440287 -0.7193013595908441804 -0.65230345038683534842 
-0.23809868918129961646 -0.25417029601931606653 -0.65914612051213483657 -0.97450787093557023066 0.78235903222841440829 -0.68486080932697768198 -0.26600327310061744335 0.65004224960019807433 0.98730408117702950221 -0.30930523752585770136 
-0.22321770257486650557 -0.86854599149560807181 -0.40245281802772614466 0.5884238537652912715 -0.24451566660132217912 0.93843222084874233779 -0.71629590083018968016 0.16828262153806861079 -0.81190561282266715537 0.50737500500499943534 
0.22402525795857797242 0.63365514879477013999 0.056113973326559651866 0.6545617760868254198 -0.019501278061947457942 -0.2270995479247589488 0.97079421536540411175 -0.21709179650581500454 0.54787433979213284729 0.6548296680638647782 
-0.45258093679142608057 -0.83417441231472178043 0.42114117206689405393 -0.12997770666002428364 -0.15837016353007959957 0.21315504823323583317 0.30841323337649528824 -0.86896845880763429193 -0.020911963124395360758 0.094816942388369129802 
0.97684603131045011359 -0.87204008032188284893 0.92266134822926071379 -0.48304009927373381394 -0.75139158245907877731 0.20383316163166509405 
-0.54592824405947459887 0.37481290059195626618 -0.67583109646633476864 -0.85914065800419170404 0.3643502034615513363 0.90193026027338341066 
1.613639501715819824 1.6998728293255780386 -1.8752985659467400481 -2.133065021216474122 1.4855123054399475002 -1.552234993677537922 
-0.23693292309319691213 0.2847664788443535766 0.60344163808572615082 -0.91390268704486177231 -0.84732185108416779862 0.49377010804266063815 
-0.33777774929587844888 0.22021870779374563831 -0.99400810856058607889 -0.15545565930012039679 -0.1625042925476746225 -0.17700868773333922057 
0.35036829603573926839 0.90848299192643700017 -0.6159265838719487629 0.60983948098727602805 0.61796568614771896222 0.64063550919260414673 
-0.14661080726847453004 0.28870460916818219133 0.74905048464891876847 0.56153963527034589376 -0.80199220420816430543 -0.15891638851484124473 
-0.92829845842107727716 -0.26468600057533397951 0.14403995902797928075 0.41103893729004270519 0.79242715593178192357 0.28528807133425337916 
-0.78362748601518716907 0.75777210266223882229 0.053328608076037342656 0.1994129341144770251 0.75725686806224001835 -0.53602044433079298891 
0.058419912605769619418 -0.077824764224384668232 -0.46888331213194955893 -0.15676895550792779854 0.58040274124606594519 0.13304319784156226625 
-0.26075002461689944511 0.68032386460692917396 0.86891158069817731047 0.24094705911345437599 -0.27007662508883367725 -0.88907733377530950847 







0.57061753940591497525 2.3451348004506047396 -1.5173391712879999993 3.7611451190655205146 -1.0293492442141738419 -0.0014131685934791471393 1.6188919158660499686 3.3405786076178385358 1.7234538091755429168 1.5081082980615581057 
-0.28422580845691325369 0.29700366547257339711 -0.75548006841013592982 0.21263373593102530279 0.84746275595840203643 0.96532310986110503315 -0.45295265940043283326 0.099786554013508776961 -0.8983642347493021596 -0.27582064409272277761 
0.10039861320779319698 -0.52298147424838092867 -0.83544565235476397902 -0.98692827625940515723 -0.46077233112101656509 0.89221728645308240324 0.89823380230631344467 -0.71202129620486342976 0.39949143933830089104 -0.42091328746785516834 
0.33039906559489029547 0.30533340921767138099 0.31321395430634502155 -0.25521083631196594954 -0.2610405921189379308 0.56999908376420660439 0.77507923103429288147 -0.87936898780275063459 -0.82406652123918378017 0.28826000478141322603 
-0.99471997877413920186 -0.94471696017363948616 -0.56221054870824205274 0.78378141020242475534 0.83705234246219473171 0.87883278086832872233 0.45548690841382510897 -0.65950789513296004252 -0.20940001640453742571 0.30661319392444075227 
-0.26546338135581637463 -0.040505057562025825746 0.6959413792159647727 -0.071421806872843718317 -0.80072720768800031976 -0.073684306325822790384 -0.81137630780294389687 -0.97098327543934248585 0.67909982689891390528 -0.44906936950099185513 
0.12165894535983090563 -0.23539570848849045159 0.32570478282602066677 0.40195886504217082091 -0.70466433700044928123 0.94286498777732341559 -0.63469973220185438301 -0.44118363425190687543 0.72689834587325319326 0.4564172124150687182 
0.62282677471945779857 -0.58576296528905991146 0.74748165988266901394 0.72423478140051167351 -0.55064330334747801921 -0.996495797541696815 0.77979511219390751364 0.57882449695322835126 -0.28608217756994258618 -0.89471175966461102824 
0.95037128888568234153 0.41236822001445005981 -0.97854164818710220874 -0.76790933937029515199 0.25545204181775749142 0.19718032978683996959 0.59757868204234054765 -0.81185233655777877537 -0.3015961857939263302 -0.73060097319112615732 
-0.83706249267584187379 0.41473949591818337623 -0.72903799349505638006 -0.19651097841823439438 -0.96858027030222215714 -0.44924520493895458984 -0.20249528862403309848 -0.18753818310108549827 -0.19841922081639007391 0.17441395540654580643 
-0.64001386446973707045 0.71568073091360573379 -0.68419342223191759178 -0.93527615871335090247 0.54849316827321992207 -0.44398115028327145293 -0.9272453781631351255 0.96831732572910134138 -0.2962686030374196422 -0.72841240548735564087 
-0.16339788154704637524 -0.99284204909796303085 -0.88750380804302475557 0.51008305957705535327 -0.87579999428422261598 -0.96546426545046593048 -0.31948476017250238002 -0.77993059659272834239 0.47148698301659286436 -0.30654219115191605471 
0.95922864631019022497 0.75717866856653293084 0.66004606018264699863 0.1583493473900661197 -0.93785150808783701581 0.43711376621215225491 0.021898473464006418254 -0.76993455115351372431 0.070422271961409821373 0.96925533326109425403 
0.86777211669682530193 0.7489132508227018814 0.33153972151598409823 -0.044241859279823270157 0.85003983182479569969 0.20867657827039964857 0.44929908534644735774 -0.98335352927326225014 -0.78466774933611938003 -0.075185904911240664106 
0.48254728442841021696 0.68938883323745825393 0.1151096675289469129 0.41966184144801532696 0.80319666099697073491 0.73769960833667092004 0.55737544713891473691 -0.57433430094878779038 -0.8338039545410698139 -0.24886004842874021037 
-0.32791564173502485424 0.90850461774876012377 0.94206907025609654127 -0.26637840172281190831 0.76145239236273698502 0.19751086808129714179 0.36160239048205222723 -0.99775611299492794615 0.71702173584023376485 -0.45815844489228774172 
-0.80677993877450671079 -0.44507475671612206636 0.098944883478211842487 -0.27373459598833693729 -0.99927172514830653327 -0.080808836532753614001 -0.44332590907488689247 0.72339802038744838164 0.12131031487361076948 -0.77881230762132880319 
0.64546246041909305369 0.93366975424145848272 -0.95524926276067501085 0.89588032919948124011 -0.3164935782980389245 -0.5383513590168980123 -0.54735692170027427927 0.36773307216325545888 0.40485652793755444456 0.34942451628601034486 
-1.1025065051845497344 1.1946094920130154726 -2.2618187084530867459 -1.0245612995427852976 -1.4876245051726864066 -1.3365293676019480706 0.16865131437537170256 1.9334018312437946108 0.0062423675791816179981 2.0056727226913033668 
0.04833413301362687875 -0.79575764970300244538 0.58604484480910246091 -0.32134101064025089034 -0.052542945727025558433 0.75814063675089693461 0.068934637374911789109 -0.051443527733428418003 0.85452814214055838882 0.2662981637718162542 
0.76123515433272848085 -0.75303394528231559768 0.55531409237690110281 -0.43200613994466019463 -0.40682475315955657358 -0.018669515963428917615 0.20335551662108719562 -0.19182915815222145728 0.66165873294519372827 0.93037486945201441912 
0.6632091462698328499 0.47638588353255673091 0.39972445874122364273 -0.65231590580706588778 -0.32221564486887355194 -0.073462804704360840091 0.3755369854917181005 -0.43115055870445817554 -0.60307914084871205862 -0.45385128765293758502 
0.66230400919252518932 0.78491154069729129894 -0.19562718363503883712 0.29449395277548084948 -0.95363837043432797547 -0.78702001797900444924 -0.053487485701948389583 -0.39960088330585041838 -0.2927256092878514071 0.85039552963624065463 
0.56266505081213091799 -0.84299244321335642383 0.56650088052738900579 -0.28622088231127762459 -0.95045365953811578041 -0.87274366967982197618 0.72573860819268420919 -0.98528759393336440287 -0.7193013595908441804 -0.65230345038683534842 
-0.23809868918129961646 -0.25417029601931606653 -0.65914612051213483657 -0.97450787093557023066 0.78235903222841440829 -0.68486080932697768198 -0.26600327310061744335 0.65004224960019807433 0.98730408117702950221 -0.30930523752585770136 
-0.22321770257486650557 -0.86854599149560807181 -0.40245281802772614466 0.5884238537652912715 -0.24451566660132217912 0.93843222084874233779 -0.71629590083018968016 0.16828262153806861079 -0.81190561282266715537 0.50737500500499943534 
0.22402525795857797242 0.63365514879477013999 0.056113973326559651866 0.6545617760868254198 -0.019501278061947457942 -0.2270995479247589488 0.97079421536540411175 -0.21709179650581500454 0.54787433979213284729 0.6548296680638647782 
-0.45258093679142608057 -0.83417441231472178043 0.42114117206689405393 -0.12997770666002428364 -0.15837016353007959957 0.21315504823323583317 0.30841323337649528824 -0.86896845880763429193 -0.020911963124395360758 0.094816942388369129802 
0.97684603131045011359 -0.87204008032188284893 0.92266134822926071379 -0.48304009927373381394 -0.75139158245907877731 0.20383316163166509405 
-0.54592824405947459887 0.37481290059195626618 -0.67583109646633476864 -0.85914065800419170404 0.3643502034615513363 0.90193026027338341066 
2.3517384049791143497 1.7993265706597172393 -1.8752985659467400481 -2.133065021216474122 1.3569924025190358563 -1.552234993677537922 
-0.23693292309319691213 0.2847664788443535766 0.60344163808572615082 -0.91390268704486177231 -0.84732185108416779862 0.49377010804266063815 
-0.33777774929587844888 0.22021870779374563831 -0.99400810856058607889 -0.15545565930012039679 -0.1625042925476746225 -0.17700868773333922057 
0.35036829603573926839 0.90848299192643700017 -0.6159265838719487629 0.60983948098727602805 0.61796568614771896222 0.64063550919260414673 
-0.14661080726847453004 0.28870460916818219133 0.74905048464891876847 0.56153963527034589376 -0.80199220420816430543 -0.15891638851484124473 
-0.92829845842107727716 -0.26468600057533397951 0.14403995902797928075 0.41103893729004270519 0.79242715593178192357 0.28528807133425337916 
-0.78362748601518716907 0.75777210266223882229 0.053328608076037342656 0.1994129341144770251 0.75725686806224001835 -0.53602044433079298891 
0.058419912605769619418 -0.077824764224384668232 -0.46888331213194955893 -0.15676895550792779854 0.58040274124606594519 0.13304319784156226625 
-0.26075002461689944511 0.68032386460692917396 0.86891158069817731047 0.24094705911345437599 -0.27007662508883367725 -0.88907733377530950847 







0.93784984696023765416 1.9842819615166362723 -0.83478626301865843651 4.2657967122024817996 -2.6958392989920207938 0.29464718086897012661 1.8658249113268112751 2.8594291975548187246 2.2188796443857712326 1.6382225601923963154 
-0.28422580845691325369 0.29700366547257339711 -0.75548006841013592982 0.21263373593102530279 0.84746275595840203643 0.96532310986110503315 -0.45295265940043283326 0.099786554013508776961 -0.8983642347493021596 -0.27582064409272277761 
0.10039861320779319698 -0.52298147424838092867 -0.83544565235476397902 -0.98692827625940515723 -0.46077233112101656509 0.89221728645308240324 0.89823380230631344467 -0.71202129620486342976 0.39949143933830089104 -0.42091328746785516834 
0.33039906559489029547 0.30533340921767138099 0.31321395430634502155 -0.25521083631196594954 -0.2610405921189379308 0.56999908376420660439 0.77507923103429288147 -0.87936898780275063459 -0.82406652123918378017 0.28826000478141322603 
-0.99471997877413920186 -0.94471696017363948616 -0.56221054870824205274 0.78378141020242475534 0.83705234246219473171 0.87883278086832872233 0.45548690841382510897 -0.65950789513296004252 -0.20940001640453742571 0.30661319392444075227 
-0.26546338135581637463 -0.040505057562025825746 0.6959413792159647727 -0.071421806872843718317 -0.80072720768800031976 -0.073684306325822790384 -0.81137630780294389687 -0.97098327543934248585 0.67909982689891390528 -0.44906936950099185513 
0.12165894535983090563 -0.23539570848849045159 0.32570478282602066677 0.40195886504217082091 -0.70466433700044928123 0.94286498777732341559 -0.63469973220185438301 -0.44118363425190687543 0.72689834587325319326 0.4564172124150687182 
0.62282677471945779857 -0.58576296528905991146 0.74748165988266901394 0.72423478140051167351 -0.55064330334747801921 -0.996495797541696815 0.77979511219390751364 0.57882449695322835126 -0.28608217756994258618 -0.89471175966461102824 
0.95037128888568234153 0.41236822001445005981 -0.97854164818710220874 -0.76790933937029515199 0.25545204181775749142 0.19718032978683996959 0.59757868204234054765 -0.81185233655777877537 -0.3015961857939263302 -0.73060097319112615732 
-0.83706249267584187379 0.41473949591818337623 -0.72903799349505638006 -0.19651097841823439438 -0.96858027030222215714 -0.44924520493895458984 -0.20249528862403309848 -0.18753818310108549827 -0.19841922081639007391 0.17441395540654580643 
-0.64001386446973707045 0.71568073091360573379 -0.68419342223191759178 -0.93527615871335090247 0.54849316827321992207 -0.44398115028327145293 -0.9272453781631351255 0.96831732572910134138 -0.2962686030374196422 -0.72841240548735564087 
-0.16339788154704637524 -0.99284204909796303085 -0.88750380804302475557 0.51008305957705535327 -0.87579999428422261598 -0.96546426545046593048 -0.31948476017250238002 -0.77993059659272834239 0.47148698301659286436 -0.30654219115191605471 
0.95922864631019022497 0.75717866856653293084 0.66004606018264699863 0.1583493473900661197 -0.93785150808783701581 0.43711376621215225491 0.021898473464006418254 -0.76993455115351372431 0.070422271961409821373 0.96925533326109425403 
0.86777211669682530193 0.7489132508227018814 0.33153972151598409823 -0.044241859279823270157 0.85003983182479569969 0.20867657827039964857 0.44929908534644735774 -0.98335352927326225014 -0.78466774933611938003 -0.075185904911240664106 
0.48254728442841021696 0.68938883323745825393 0.1151096675289469129 0.41966184144801532696 0.80319666099697073491 0.73769960833667092004 0.55737544713891473691 -0.57433430094878779038 -0.8338039545410698139 -0.24886004842874021037 
-0.32791564173502485424 0.90850461774876012377 0.94206907025609654127 -0.26637840172281190831 0.76145239236273698502 0.19751086808129714179 0.36160239048205222723 -0.99775611299492794615 0.71702173584023376485 -0.45815844489228774172 
-0.80677993877450671079 -0.44507475671612206636 0.098944883478211842487 -0.27373459598833693729 -0.99927172514830653327 -0.080808836532753614001 -0.44332590907488689247 0.72339802038744838164 0.12131031487361076948 -0.77881230762132880319 
0.64546246041909305369 0.93366975424145848272 -0.95524926276067501085 0.89588032919948124011 -0.3164935782980389245 -0.5383513590168980123 -0.54735692170027427927 0.36773307216325545888 0.40485652793755444456 0.34942451628601034486 
-1.0570956139195162304 0.32955791812565743415 0.072881526009663022414 0.5971884937097702295 -0.98362736366353842321 -0.20114790381234198824 0.057733250588895196342 0.70500612344184687696 1.6428491572429073653 2.4740437603073592854 
0.04833413301362687875 -0.79575764970300244538 0.58604484480910246091 -0.32134101064025089034 -0.052542945727025558433 0.75814063675089693461 0.068934637374911789109 -0.051443527733428418003 0.85452814214055838882 0.2662981637718162542 
0.76123515433272848085 -0.75303394528231559768 0.55531409237690110281 -0.43200613994466019463 -0.40682475315955657358 -0.018669515963428917615 0.20335551662108719562 -0.19182915815222145728 0.66165873294519372827 0.93037486945201441912 
0.6632091462698328499 0.47638588353255673091 0.39972445874122364273 -0.65231590580706588778 -0.32221564486887355194 -0.073462804704360840091 0.3755369854917181005 -0.43115055870445817554 -0.60307914084871205862 -0.45385128765293758502 
0.66230400919252518932 0.78491154069729129894 -0.19562718363503883712 0.29449395277548084948 -0.95363837043432797547 -0.78702001797900444924 -0.053487485701948389583 -0.39960088330585041838 -0.2927256092878514071 0.85039552963624065463 
0.56266505081213091799 -0.84299244321335642383 0.56650088052738900579 -0.28622088231127762459 -0.95045365953811578041 -0.87274366967982197618 0.72573860819268420919 -0.98528759393336440287 -0.7193013595908441804 -0.65230345038683534842 
-0.23809868918129961646 -0.25417029601931606653 -0.65914612051213483657 -0.97450787093557023066 0.78235903222841440829 -0.68486080932697768198 -0.26600327310061744335 0.65004224960019807433 0.98730408117702950221 -0.30930523752585770136 
-0.22321770257486650557 -0.86854599149560807181 -0.40245281802772614466 0.5884238537652912715 -0.24451566660132217912 0.93843222084874233779 -0.71629590083018968016 0.16828262153806861079 -0.81190561282266715537 0.50737500500499943534 
0.22402525795857797242 0.63365514879477013999 0.056113973326559651866 0.6545617760868254198 -0.019501278061947457942 -0.2270995479247589488 0.97079421536540411175 -0.21709179650581500454 0.54787433979213284729 0.6548296680638647782 
-0.45258093679142608057 -0.83417441231472178043 0.42114117206689405393 -0.12997770666002428364 -0.15837016353007959957 0.21315504823323583317 0.30841323337649528824 -0.86896845880763429193 -0.020911963124395360758 0.094816942388369129802 
0.97684603131045011359 -0.87204008032188284893 0.92266134822926071379 -0.48304009927373381394 -0.75139158245907877731 0.20383316163166509405 
-0.54592824405947459887 0.37481290059195626618 -0.67583109646633476864 -0.85914065800419170404 0.3643502034615513363 0.90193026027338341066 
0.8822473256616329973 0.77988951777422010903 -1.3745665292289899195 -2.1949672442028660413 0.81912063089160058738 -0.46445131707686054812 
-0.23693292309319691213 0.2847664788443535766 0.60344163808572615082 -0.91390268704486177231 -0.84732185108416779862 0.49377010804266063815 
-0.33777774929587844888 0.22021870779374563831 -0.99400810856058607889 -0.15545565930012039679 -0.1625042925476746225 -0.17700868773333922057 
0.35036829603573926839 0.90848299192643700017 -0.6159265838719487629 0.60983948098727602805 0.61796568614771896222 0.64063550919260414673 
-0.14661080726847453004 0.28870460916818219133 0.74905048464891876847 0.56153963527034589376 -0.80199220420816430543 -0.15891638851484124473 
-0.92829845842107727716 -0.26468600057533397951 0.14403995902797928075 0.41103893729004270519 0.79242715593178192357 0.28528807133425337916 
-0.78362748601518716907 0.75777210266223882229 0.053328608076037342656 0.1994129341144770251 0.75725686806224001835 -0.53602044433079298891 
0.058419912605769619418 -0.077824764224384668232 -0.46888331213194955893 -0.15676895550792779854 0.58040274124606594519 0.13304319784156226625 
-0.26075002461689944511 0.68032386460692917396 0.86891158069817731047 0.24094705911345437599 -0.27007662508883367725 -0.88907733377530950847 







